Column	Row	Geometry	Frequency
0	0	POLYGON((-1.87993087527681 -2.21925327014596,-1.75586677592522 -2.21925327014596,-1.75586677592522 -2.0758772888400174,-1.87993087527681 -2.0758772888400174,-1.87993087527681 -2.21925327014596))	0
1	0	POLYGON((-1.75586677592522 -2.21925327014596,-1.63180267657363 -2.21925327014596,-1.63180267657363 -2.0758772888400174,-1.75586677592522 -2.0758772888400174,-1.75586677592522 -2.21925327014596))	0
2	0	POLYGON((-1.63180267657363 -2.21925327014596,-1.50773857722204 -2.21925327014596,-1.50773857722204 -2.0758772888400174,-1.63180267657363 -2.0758772888400174,-1.63180267657363 -2.21925327014596))	0
3	0	POLYGON((-1.50773857722204 -2.21925327014596,-1.3836744778704502 -2.21925327014596,-1.3836744778704502 -2.0758772888400174,-1.50773857722204 -2.0758772888400174,-1.50773857722204 -2.21925327014596))	0
4	0	POLYGON((-1.3836744778704502 -2.21925327014596,-1.2596103785188602 -2.21925327014596,-1.2596103785188602 -2.0758772888400174,-1.3836744778704502 -2.0758772888400174,-1.3836744778704502 -2.21925327014596))	0
5	0	POLYGON((-1.2596103785188602 -2.21925327014596,-1.13554627916727 -2.21925327014596,-1.13554627916727 -2.0758772888400174,-1.2596103785188602 -2.0758772888400174,-1.2596103785188602 -2.21925327014596))	0
6	0	POLYGON((-1.13554627916727 -2.21925327014596,-1.0114821798156801 -2.21925327014596,-1.0114821798156801 -2.0758772888400174,-1.13554627916727 -2.0758772888400174,-1.13554627916727 -2.21925327014596))	0
7	0	POLYGON((-1.0114821798156801 -2.21925327014596,-0.88741808046409 -2.21925327014596,-0.88741808046409 -2.0758772888400174,-1.0114821798156801 -2.0758772888400174,-1.0114821798156801 -2.21925327014596))	0
8	0	POLYGON((-0.88741808046409 -2.21925327014596,-0.7633539811124999 -2.21925327014596,-0.7633539811124999 -2.0758772888400174,-0.88741808046409 -2.0758772888400174,-0.88741808046409 -2.21925327014596))	0
9	0	POLYGON((-0.7633539811124999 -2.21925327014596,-0.6392898817609101 -2.21925327014596,-0.6392898817609101 -2.0758772888400174,-0.7633539811124999 -2.0758772888400174,-0.7633539811124999 -2.21925327014596))	0
10	0	POLYGON((-0.6392898817609101 -2.21925327014596,-0.5152257824093199 -2.21925327014596,-0.5152257824093199 -2.0758772888400174,-0.6392898817609101 -2.0758772888400174,-0.6392898817609101 -2.21925327014596))	0
11	0	POLYGON((-0.5152257824093199 -2.21925327014596,-0.3911616830577298 -2.21925327014596,-0.3911616830577298 -2.0758772888400174,-0.5152257824093199 -2.0758772888400174,-0.5152257824093199 -2.21925327014596))	0
12	0	POLYGON((-0.3911616830577298 -2.21925327014596,-0.26709758370614 -2.21925327014596,-0.26709758370614 -2.0758772888400174,-0.3911616830577298 -2.0758772888400174,-0.3911616830577298 -2.21925327014596))	0
13	0	POLYGON((-0.26709758370614 -2.21925327014596,-0.14303348435454988 -2.21925327014596,-0.14303348435454988 -2.0758772888400174,-0.26709758370614 -2.0758772888400174,-0.26709758370614 -2.21925327014596))	0
14	0	POLYGON((-0.14303348435454988 -2.21925327014596,-0.01896938500295997 -2.21925327014596,-0.01896938500295997 -2.0758772888400174,-0.14303348435454988 -2.0758772888400174,-0.14303348435454988 -2.21925327014596))	0
15	0	POLYGON((-0.01896938500295997 -2.21925327014596,0.10509471434863005 -2.21925327014596,0.10509471434863005 -2.0758772888400174,-0.01896938500295997 -2.0758772888400174,-0.01896938500295997 -2.21925327014596))	0
16	0	POLYGON((0.10509471434863005 -2.21925327014596,0.22915881370021995 -2.21925327014596,0.22915881370021995 -2.0758772888400174,0.10509471434863005 -2.0758772888400174,0.10509471434863005 -2.21925327014596))	0
17	0	POLYGON((0.22915881370021995 -2.21925327014596,0.3532229130518101 -2.21925327014596,0.3532229130518101 -2.0758772888400174,0.22915881370021995 -2.0758772888400174,0.22915881370021995 -2.21925327014596))	0
18	0	POLYGON((0.3532229130518101 -2.21925327014596,0.4772870124034001 -2.21925327014596,0.4772870124034001 -2.0758772888400174,0.3532229130518101 -2.0758772888400174,0.3532229130518101 -2.21925327014596))	0
19	0	POLYGON((0.4772870124034001 -2.21925327014596,0.60135111175499 -2.21925327014596,0.60135111175499 -2.0758772888400174,0.4772870124034001 -2.0758772888400174,0.4772870124034001 -2.21925327014596))	0
20	0	POLYGON((0.60135111175499 -2.21925327014596,0.7254152111065801 -2.21925327014596,0.7254152111065801 -2.0758772888400174,0.60135111175499 -2.0758772888400174,0.60135111175499 -2.21925327014596))	0
21	0	POLYGON((0.7254152111065801 -2.21925327014596,0.8494793104581702 -2.21925327014596,0.8494793104581702 -2.0758772888400174,0.7254152111065801 -2.0758772888400174,0.7254152111065801 -2.21925327014596))	0
22	0	POLYGON((0.8494793104581702 -2.21925327014596,0.9735434098097601 -2.21925327014596,0.9735434098097601 -2.0758772888400174,0.8494793104581702 -2.0758772888400174,0.8494793104581702 -2.21925327014596))	0
23	0	POLYGON((0.9735434098097601 -2.21925327014596,1.0976075091613502 -2.21925327014596,1.0976075091613502 -2.0758772888400174,0.9735434098097601 -2.0758772888400174,0.9735434098097601 -2.21925327014596))	0
24	0	POLYGON((1.0976075091613502 -2.21925327014596,1.2216716085129402 -2.21925327014596,1.2216716085129402 -2.0758772888400174,1.0976075091613502 -2.0758772888400174,1.0976075091613502 -2.21925327014596))	0
25	0	POLYGON((1.2216716085129402 -2.21925327014596,1.34573570786453 -2.21925327014596,1.34573570786453 -2.0758772888400174,1.2216716085129402 -2.0758772888400174,1.2216716085129402 -2.21925327014596))	0
26	0	POLYGON((1.34573570786453 -2.21925327014596,1.46979980721612 -2.21925327014596,1.46979980721612 -2.0758772888400174,1.34573570786453 -2.0758772888400174,1.34573570786453 -2.21925327014596))	0
27	0	POLYGON((1.46979980721612 -2.21925327014596,1.59386390656771 -2.21925327014596,1.59386390656771 -2.0758772888400174,1.46979980721612 -2.0758772888400174,1.46979980721612 -2.21925327014596))	0
28	0	POLYGON((1.59386390656771 -2.21925327014596,1.7179280059193 -2.21925327014596,1.7179280059193 -2.0758772888400174,1.59386390656771 -2.0758772888400174,1.59386390656771 -2.21925327014596))	0
29	0	POLYGON((1.7179280059193 -2.21925327014596,1.84199210527089 -2.21925327014596,1.84199210527089 -2.0758772888400174,1.7179280059193 -2.0758772888400174,1.7179280059193 -2.21925327014596))	0
30	0	POLYGON((1.84199210527089 -2.21925327014596,1.9660562046224799 -2.21925327014596,1.9660562046224799 -2.0758772888400174,1.84199210527089 -2.0758772888400174,1.84199210527089 -2.21925327014596))	0
31	0	POLYGON((1.9660562046224799 -2.21925327014596,2.09012030397407 -2.21925327014596,2.09012030397407 -2.0758772888400174,1.9660562046224799 -2.0758772888400174,1.9660562046224799 -2.21925327014596))	0
0	1	POLYGON((-1.87993087527681 -2.0758772888400174,-1.75586677592522 -2.0758772888400174,-1.75586677592522 -1.932501307534075,-1.87993087527681 -1.932501307534075,-1.87993087527681 -2.0758772888400174))	0
1	1	POLYGON((-1.75586677592522 -2.0758772888400174,-1.63180267657363 -2.0758772888400174,-1.63180267657363 -1.932501307534075,-1.75586677592522 -1.932501307534075,-1.75586677592522 -2.0758772888400174))	0
2	1	POLYGON((-1.63180267657363 -2.0758772888400174,-1.50773857722204 -2.0758772888400174,-1.50773857722204 -1.932501307534075,-1.63180267657363 -1.932501307534075,-1.63180267657363 -2.0758772888400174))	0
3	1	POLYGON((-1.50773857722204 -2.0758772888400174,-1.3836744778704502 -2.0758772888400174,-1.3836744778704502 -1.932501307534075,-1.50773857722204 -1.932501307534075,-1.50773857722204 -2.0758772888400174))	0
4	1	POLYGON((-1.3836744778704502 -2.0758772888400174,-1.2596103785188602 -2.0758772888400174,-1.2596103785188602 -1.932501307534075,-1.3836744778704502 -1.932501307534075,-1.3836744778704502 -2.0758772888400174))	0
5	1	POLYGON((-1.2596103785188602 -2.0758772888400174,-1.13554627916727 -2.0758772888400174,-1.13554627916727 -1.932501307534075,-1.2596103785188602 -1.932501307534075,-1.2596103785188602 -2.0758772888400174))	0
6	1	POLYGON((-1.13554627916727 -2.0758772888400174,-1.0114821798156801 -2.0758772888400174,-1.0114821798156801 -1.932501307534075,-1.13554627916727 -1.932501307534075,-1.13554627916727 -2.0758772888400174))	0
7	1	POLYGON((-1.0114821798156801 -2.0758772888400174,-0.88741808046409 -2.0758772888400174,-0.88741808046409 -1.932501307534075,-1.0114821798156801 -1.932501307534075,-1.0114821798156801 -2.0758772888400174))	0
8	1	POLYGON((-0.88741808046409 -2.0758772888400174,-0.7633539811124999 -2.0758772888400174,-0.7633539811124999 -1.932501307534075,-0.88741808046409 -1.932501307534075,-0.88741808046409 -2.0758772888400174))	0
9	1	POLYGON((-0.7633539811124999 -2.0758772888400174,-0.6392898817609101 -2.0758772888400174,-0.6392898817609101 -1.932501307534075,-0.7633539811124999 -1.932501307534075,-0.7633539811124999 -2.0758772888400174))	0
10	1	POLYGON((-0.6392898817609101 -2.0758772888400174,-0.5152257824093199 -2.0758772888400174,-0.5152257824093199 -1.932501307534075,-0.6392898817609101 -1.932501307534075,-0.6392898817609101 -2.0758772888400174))	0
11	1	POLYGON((-0.5152257824093199 -2.0758772888400174,-0.3911616830577298 -2.0758772888400174,-0.3911616830577298 -1.932501307534075,-0.5152257824093199 -1.932501307534075,-0.5152257824093199 -2.0758772888400174))	0
12	1	POLYGON((-0.3911616830577298 -2.0758772888400174,-0.26709758370614 -2.0758772888400174,-0.26709758370614 -1.932501307534075,-0.3911616830577298 -1.932501307534075,-0.3911616830577298 -2.0758772888400174))	0
13	1	POLYGON((-0.26709758370614 -2.0758772888400174,-0.14303348435454988 -2.0758772888400174,-0.14303348435454988 -1.932501307534075,-0.26709758370614 -1.932501307534075,-0.26709758370614 -2.0758772888400174))	0
14	1	POLYGON((-0.14303348435454988 -2.0758772888400174,-0.01896938500295997 -2.0758772888400174,-0.01896938500295997 -1.932501307534075,-0.14303348435454988 -1.932501307534075,-0.14303348435454988 -2.0758772888400174))	0
15	1	POLYGON((-0.01896938500295997 -2.0758772888400174,0.10509471434863005 -2.0758772888400174,0.10509471434863005 -1.932501307534075,-0.01896938500295997 -1.932501307534075,-0.01896938500295997 -2.0758772888400174))	0
16	1	POLYGON((0.10509471434863005 -2.0758772888400174,0.22915881370021995 -2.0758772888400174,0.22915881370021995 -1.932501307534075,0.10509471434863005 -1.932501307534075,0.10509471434863005 -2.0758772888400174))	0
17	1	POLYGON((0.22915881370021995 -2.0758772888400174,0.3532229130518101 -2.0758772888400174,0.3532229130518101 -1.932501307534075,0.22915881370021995 -1.932501307534075,0.22915881370021995 -2.0758772888400174))	0
18	1	POLYGON((0.3532229130518101 -2.0758772888400174,0.4772870124034001 -2.0758772888400174,0.4772870124034001 -1.932501307534075,0.3532229130518101 -1.932501307534075,0.3532229130518101 -2.0758772888400174))	0
19	1	POLYGON((0.4772870124034001 -2.0758772888400174,0.60135111175499 -2.0758772888400174,0.60135111175499 -1.932501307534075,0.4772870124034001 -1.932501307534075,0.4772870124034001 -2.0758772888400174))	0
20	1	POLYGON((0.60135111175499 -2.0758772888400174,0.7254152111065801 -2.0758772888400174,0.7254152111065801 -1.932501307534075,0.60135111175499 -1.932501307534075,0.60135111175499 -2.0758772888400174))	0
21	1	POLYGON((0.7254152111065801 -2.0758772888400174,0.8494793104581702 -2.0758772888400174,0.8494793104581702 -1.932501307534075,0.7254152111065801 -1.932501307534075,0.7254152111065801 -2.0758772888400174))	0
22	1	POLYGON((0.8494793104581702 -2.0758772888400174,0.9735434098097601 -2.0758772888400174,0.9735434098097601 -1.932501307534075,0.8494793104581702 -1.932501307534075,0.8494793104581702 -2.0758772888400174))	0
23	1	POLYGON((0.9735434098097601 -2.0758772888400174,1.0976075091613502 -2.0758772888400174,1.0976075091613502 -1.932501307534075,0.9735434098097601 -1.932501307534075,0.9735434098097601 -2.0758772888400174))	0
24	1	POLYGON((1.0976075091613502 -2.0758772888400174,1.2216716085129402 -2.0758772888400174,1.2216716085129402 -1.932501307534075,1.0976075091613502 -1.932501307534075,1.0976075091613502 -2.0758772888400174))	0
25	1	POLYGON((1.2216716085129402 -2.0758772888400174,1.34573570786453 -2.0758772888400174,1.34573570786453 -1.932501307534075,1.2216716085129402 -1.932501307534075,1.2216716085129402 -2.0758772888400174))	0
26	1	POLYGON((1.34573570786453 -2.0758772888400174,1.46979980721612 -2.0758772888400174,1.46979980721612 -1.932501307534075,1.34573570786453 -1.932501307534075,1.34573570786453 -2.0758772888400174))	0
27	1	POLYGON((1.46979980721612 -2.0758772888400174,1.59386390656771 -2.0758772888400174,1.59386390656771 -1.932501307534075,1.46979980721612 -1.932501307534075,1.46979980721612 -2.0758772888400174))	0
28	1	POLYGON((1.59386390656771 -2.0758772888400174,1.7179280059193 -2.0758772888400174,1.7179280059193 -1.932501307534075,1.59386390656771 -1.932501307534075,1.59386390656771 -2.0758772888400174))	0
29	1	POLYGON((1.7179280059193 -2.0758772888400174,1.84199210527089 -2.0758772888400174,1.84199210527089 -1.932501307534075,1.7179280059193 -1.932501307534075,1.7179280059193 -2.0758772888400174))	0
30	1	POLYGON((1.84199210527089 -2.0758772888400174,1.9660562046224799 -2.0758772888400174,1.9660562046224799 -1.932501307534075,1.84199210527089 -1.932501307534075,1.84199210527089 -2.0758772888400174))	0
31	1	POLYGON((1.9660562046224799 -2.0758772888400174,2.09012030397407 -2.0758772888400174,2.09012030397407 -1.932501307534075,1.9660562046224799 -1.932501307534075,1.9660562046224799 -2.0758772888400174))	0
0	2	POLYGON((-1.87993087527681 -1.932501307534075,-1.75586677592522 -1.932501307534075,-1.75586677592522 -1.7891253262281324,-1.87993087527681 -1.7891253262281324,-1.87993087527681 -1.932501307534075))	0
1	2	POLYGON((-1.75586677592522 -1.932501307534075,-1.63180267657363 -1.932501307534075,-1.63180267657363 -1.7891253262281324,-1.75586677592522 -1.7891253262281324,-1.75586677592522 -1.932501307534075))	0
2	2	POLYGON((-1.63180267657363 -1.932501307534075,-1.50773857722204 -1.932501307534075,-1.50773857722204 -1.7891253262281324,-1.63180267657363 -1.7891253262281324,-1.63180267657363 -1.932501307534075))	0
3	2	POLYGON((-1.50773857722204 -1.932501307534075,-1.3836744778704502 -1.932501307534075,-1.3836744778704502 -1.7891253262281324,-1.50773857722204 -1.7891253262281324,-1.50773857722204 -1.932501307534075))	0
4	2	POLYGON((-1.3836744778704502 -1.932501307534075,-1.2596103785188602 -1.932501307534075,-1.2596103785188602 -1.7891253262281324,-1.3836744778704502 -1.7891253262281324,-1.3836744778704502 -1.932501307534075))	0
5	2	POLYGON((-1.2596103785188602 -1.932501307534075,-1.13554627916727 -1.932501307534075,-1.13554627916727 -1.7891253262281324,-1.2596103785188602 -1.7891253262281324,-1.2596103785188602 -1.932501307534075))	0
6	2	POLYGON((-1.13554627916727 -1.932501307534075,-1.0114821798156801 -1.932501307534075,-1.0114821798156801 -1.7891253262281324,-1.13554627916727 -1.7891253262281324,-1.13554627916727 -1.932501307534075))	0
7	2	POLYGON((-1.0114821798156801 -1.932501307534075,-0.88741808046409 -1.932501307534075,-0.88741808046409 -1.7891253262281324,-1.0114821798156801 -1.7891253262281324,-1.0114821798156801 -1.932501307534075))	0
8	2	POLYGON((-0.88741808046409 -1.932501307534075,-0.7633539811124999 -1.932501307534075,-0.7633539811124999 -1.7891253262281324,-0.88741808046409 -1.7891253262281324,-0.88741808046409 -1.932501307534075))	0
9	2	POLYGON((-0.7633539811124999 -1.932501307534075,-0.6392898817609101 -1.932501307534075,-0.6392898817609101 -1.7891253262281324,-0.7633539811124999 -1.7891253262281324,-0.7633539811124999 -1.932501307534075))	0
10	2	POLYGON((-0.6392898817609101 -1.932501307534075,-0.5152257824093199 -1.932501307534075,-0.5152257824093199 -1.7891253262281324,-0.6392898817609101 -1.7891253262281324,-0.6392898817609101 -1.932501307534075))	0
11	2	POLYGON((-0.5152257824093199 -1.932501307534075,-0.3911616830577298 -1.932501307534075,-0.3911616830577298 -1.7891253262281324,-0.5152257824093199 -1.7891253262281324,-0.5152257824093199 -1.932501307534075))	0
12	2	POLYGON((-0.3911616830577298 -1.932501307534075,-0.26709758370614 -1.932501307534075,-0.26709758370614 -1.7891253262281324,-0.3911616830577298 -1.7891253262281324,-0.3911616830577298 -1.932501307534075))	0
13	2	POLYGON((-0.26709758370614 -1.932501307534075,-0.14303348435454988 -1.932501307534075,-0.14303348435454988 -1.7891253262281324,-0.26709758370614 -1.7891253262281324,-0.26709758370614 -1.932501307534075))	0
14	2	POLYGON((-0.14303348435454988 -1.932501307534075,-0.01896938500295997 -1.932501307534075,-0.01896938500295997 -1.7891253262281324,-0.14303348435454988 -1.7891253262281324,-0.14303348435454988 -1.932501307534075))	0
15	2	POLYGON((-0.01896938500295997 -1.932501307534075,0.10509471434863005 -1.932501307534075,0.10509471434863005 -1.7891253262281324,-0.01896938500295997 -1.7891253262281324,-0.01896938500295997 -1.932501307534075))	0
16	2	POLYGON((0.10509471434863005 -1.932501307534075,0.22915881370021995 -1.932501307534075,0.22915881370021995 -1.7891253262281324,0.10509471434863005 -1.7891253262281324,0.10509471434863005 -1.932501307534075))	0
17	2	POLYGON((0.22915881370021995 -1.932501307534075,0.3532229130518101 -1.932501307534075,0.3532229130518101 -1.7891253262281324,0.22915881370021995 -1.7891253262281324,0.22915881370021995 -1.932501307534075))	0
18	2	POLYGON((0.3532229130518101 -1.932501307534075,0.4772870124034001 -1.932501307534075,0.4772870124034001 -1.7891253262281324,0.3532229130518101 -1.7891253262281324,0.3532229130518101 -1.932501307534075))	0
19	2	POLYGON((0.4772870124034001 -1.932501307534075,0.60135111175499 -1.932501307534075,0.60135111175499 -1.7891253262281324,0.4772870124034001 -1.7891253262281324,0.4772870124034001 -1.932501307534075))	0
20	2	POLYGON((0.60135111175499 -1.932501307534075,0.7254152111065801 -1.932501307534075,0.7254152111065801 -1.7891253262281324,0.60135111175499 -1.7891253262281324,0.60135111175499 -1.932501307534075))	0
21	2	POLYGON((0.7254152111065801 -1.932501307534075,0.8494793104581702 -1.932501307534075,0.8494793104581702 -1.7891253262281324,0.7254152111065801 -1.7891253262281324,0.7254152111065801 -1.932501307534075))	0
22	2	POLYGON((0.8494793104581702 -1.932501307534075,0.9735434098097601 -1.932501307534075,0.9735434098097601 -1.7891253262281324,0.8494793104581702 -1.7891253262281324,0.8494793104581702 -1.932501307534075))	0
23	2	POLYGON((0.9735434098097601 -1.932501307534075,1.0976075091613502 -1.932501307534075,1.0976075091613502 -1.7891253262281324,0.9735434098097601 -1.7891253262281324,0.9735434098097601 -1.932501307534075))	0
24	2	POLYGON((1.0976075091613502 -1.932501307534075,1.2216716085129402 -1.932501307534075,1.2216716085129402 -1.7891253262281324,1.0976075091613502 -1.7891253262281324,1.0976075091613502 -1.932501307534075))	0
25	2	POLYGON((1.2216716085129402 -1.932501307534075,1.34573570786453 -1.932501307534075,1.34573570786453 -1.7891253262281324,1.2216716085129402 -1.7891253262281324,1.2216716085129402 -1.932501307534075))	0
26	2	POLYGON((1.34573570786453 -1.932501307534075,1.46979980721612 -1.932501307534075,1.46979980721612 -1.7891253262281324,1.34573570786453 -1.7891253262281324,1.34573570786453 -1.932501307534075))	0
27	2	POLYGON((1.46979980721612 -1.932501307534075,1.59386390656771 -1.932501307534075,1.59386390656771 -1.7891253262281324,1.46979980721612 -1.7891253262281324,1.46979980721612 -1.932501307534075))	0
28	2	POLYGON((1.59386390656771 -1.932501307534075,1.7179280059193 -1.932501307534075,1.7179280059193 -1.7891253262281324,1.59386390656771 -1.7891253262281324,1.59386390656771 -1.932501307534075))	0
29	2	POLYGON((1.7179280059193 -1.932501307534075,1.84199210527089 -1.932501307534075,1.84199210527089 -1.7891253262281324,1.7179280059193 -1.7891253262281324,1.7179280059193 -1.932501307534075))	0
30	2	POLYGON((1.84199210527089 -1.932501307534075,1.9660562046224799 -1.932501307534075,1.9660562046224799 -1.7891253262281324,1.84199210527089 -1.7891253262281324,1.84199210527089 -1.932501307534075))	0
31	2	POLYGON((1.9660562046224799 -1.932501307534075,2.09012030397407 -1.932501307534075,2.09012030397407 -1.7891253262281324,1.9660562046224799 -1.7891253262281324,1.9660562046224799 -1.932501307534075))	0
0	3	POLYGON((-1.87993087527681 -1.7891253262281324,-1.75586677592522 -1.7891253262281324,-1.75586677592522 -1.64574934492219,-1.87993087527681 -1.64574934492219,-1.87993087527681 -1.7891253262281324))	0
1	3	POLYGON((-1.75586677592522 -1.7891253262281324,-1.63180267657363 -1.7891253262281324,-1.63180267657363 -1.64574934492219,-1.75586677592522 -1.64574934492219,-1.75586677592522 -1.7891253262281324))	0
2	3	POLYGON((-1.63180267657363 -1.7891253262281324,-1.50773857722204 -1.7891253262281324,-1.50773857722204 -1.64574934492219,-1.63180267657363 -1.64574934492219,-1.63180267657363 -1.7891253262281324))	0
3	3	POLYGON((-1.50773857722204 -1.7891253262281324,-1.3836744778704502 -1.7891253262281324,-1.3836744778704502 -1.64574934492219,-1.50773857722204 -1.64574934492219,-1.50773857722204 -1.7891253262281324))	0
4	3	POLYGON((-1.3836744778704502 -1.7891253262281324,-1.2596103785188602 -1.7891253262281324,-1.2596103785188602 -1.64574934492219,-1.3836744778704502 -1.64574934492219,-1.3836744778704502 -1.7891253262281324))	0
5	3	POLYGON((-1.2596103785188602 -1.7891253262281324,-1.13554627916727 -1.7891253262281324,-1.13554627916727 -1.64574934492219,-1.2596103785188602 -1.64574934492219,-1.2596103785188602 -1.7891253262281324))	0
6	3	POLYGON((-1.13554627916727 -1.7891253262281324,-1.0114821798156801 -1.7891253262281324,-1.0114821798156801 -1.64574934492219,-1.13554627916727 -1.64574934492219,-1.13554627916727 -1.7891253262281324))	0
7	3	POLYGON((-1.0114821798156801 -1.7891253262281324,-0.88741808046409 -1.7891253262281324,-0.88741808046409 -1.64574934492219,-1.0114821798156801 -1.64574934492219,-1.0114821798156801 -1.7891253262281324))	0
8	3	POLYGON((-0.88741808046409 -1.7891253262281324,-0.7633539811124999 -1.7891253262281324,-0.7633539811124999 -1.64574934492219,-0.88741808046409 -1.64574934492219,-0.88741808046409 -1.7891253262281324))	0
9	3	POLYGON((-0.7633539811124999 -1.7891253262281324,-0.6392898817609101 -1.7891253262281324,-0.6392898817609101 -1.64574934492219,-0.7633539811124999 -1.64574934492219,-0.7633539811124999 -1.7891253262281324))	0
10	3	POLYGON((-0.6392898817609101 -1.7891253262281324,-0.5152257824093199 -1.7891253262281324,-0.5152257824093199 -1.64574934492219,-0.6392898817609101 -1.64574934492219,-0.6392898817609101 -1.7891253262281324))	0
11	3	POLYGON((-0.5152257824093199 -1.7891253262281324,-0.3911616830577298 -1.7891253262281324,-0.3911616830577298 -1.64574934492219,-0.5152257824093199 -1.64574934492219,-0.5152257824093199 -1.7891253262281324))	0
12	3	POLYGON((-0.3911616830577298 -1.7891253262281324,-0.26709758370614 -1.7891253262281324,-0.26709758370614 -1.64574934492219,-0.3911616830577298 -1.64574934492219,-0.3911616830577298 -1.7891253262281324))	0
13	3	POLYGON((-0.26709758370614 -1.7891253262281324,-0.14303348435454988 -1.7891253262281324,-0.14303348435454988 -1.64574934492219,-0.26709758370614 -1.64574934492219,-0.26709758370614 -1.7891253262281324))	0
14	3	POLYGON((-0.14303348435454988 -1.7891253262281324,-0.01896938500295997 -1.7891253262281324,-0.01896938500295997 -1.64574934492219,-0.14303348435454988 -1.64574934492219,-0.14303348435454988 -1.7891253262281324))	0
15	3	POLYGON((-0.01896938500295997 -1.7891253262281324,0.10509471434863005 -1.7891253262281324,0.10509471434863005 -1.64574934492219,-0.01896938500295997 -1.64574934492219,-0.01896938500295997 -1.7891253262281324))	0
16	3	POLYGON((0.10509471434863005 -1.7891253262281324,0.22915881370021995 -1.7891253262281324,0.22915881370021995 -1.64574934492219,0.10509471434863005 -1.64574934492219,0.10509471434863005 -1.7891253262281324))	0
17	3	POLYGON((0.22915881370021995 -1.7891253262281324,0.3532229130518101 -1.7891253262281324,0.3532229130518101 -1.64574934492219,0.22915881370021995 -1.64574934492219,0.22915881370021995 -1.7891253262281324))	0
18	3	POLYGON((0.3532229130518101 -1.7891253262281324,0.4772870124034001 -1.7891253262281324,0.4772870124034001 -1.64574934492219,0.3532229130518101 -1.64574934492219,0.3532229130518101 -1.7891253262281324))	0
19	3	POLYGON((0.4772870124034001 -1.7891253262281324,0.60135111175499 -1.7891253262281324,0.60135111175499 -1.64574934492219,0.4772870124034001 -1.64574934492219,0.4772870124034001 -1.7891253262281324))	0
20	3	POLYGON((0.60135111175499 -1.7891253262281324,0.7254152111065801 -1.7891253262281324,0.7254152111065801 -1.64574934492219,0.60135111175499 -1.64574934492219,0.60135111175499 -1.7891253262281324))	0
21	3	POLYGON((0.7254152111065801 -1.7891253262281324,0.8494793104581702 -1.7891253262281324,0.8494793104581702 -1.64574934492219,0.7254152111065801 -1.64574934492219,0.7254152111065801 -1.7891253262281324))	0
22	3	POLYGON((0.8494793104581702 -1.7891253262281324,0.9735434098097601 -1.7891253262281324,0.9735434098097601 -1.64574934492219,0.8494793104581702 -1.64574934492219,0.8494793104581702 -1.7891253262281324))	0
23	3	POLYGON((0.9735434098097601 -1.7891253262281324,1.0976075091613502 -1.7891253262281324,1.0976075091613502 -1.64574934492219,0.9735434098097601 -1.64574934492219,0.9735434098097601 -1.7891253262281324))	0
24	3	POLYGON((1.0976075091613502 -1.7891253262281324,1.2216716085129402 -1.7891253262281324,1.2216716085129402 -1.64574934492219,1.0976075091613502 -1.64574934492219,1.0976075091613502 -1.7891253262281324))	0
25	3	POLYGON((1.2216716085129402 -1.7891253262281324,1.34573570786453 -1.7891253262281324,1.34573570786453 -1.64574934492219,1.2216716085129402 -1.64574934492219,1.2216716085129402 -1.7891253262281324))	0
26	3	POLYGON((1.34573570786453 -1.7891253262281324,1.46979980721612 -1.7891253262281324,1.46979980721612 -1.64574934492219,1.34573570786453 -1.64574934492219,1.34573570786453 -1.7891253262281324))	0
27	3	POLYGON((1.46979980721612 -1.7891253262281324,1.59386390656771 -1.7891253262281324,1.59386390656771 -1.64574934492219,1.46979980721612 -1.64574934492219,1.46979980721612 -1.7891253262281324))	0
28	3	POLYGON((1.59386390656771 -1.7891253262281324,1.7179280059193 -1.7891253262281324,1.7179280059193 -1.64574934492219,1.59386390656771 -1.64574934492219,1.59386390656771 -1.7891253262281324))	0
29	3	POLYGON((1.7179280059193 -1.7891253262281324,1.84199210527089 -1.7891253262281324,1.84199210527089 -1.64574934492219,1.7179280059193 -1.64574934492219,1.7179280059193 -1.7891253262281324))	0
30	3	POLYGON((1.84199210527089 -1.7891253262281324,1.9660562046224799 -1.7891253262281324,1.9660562046224799 -1.64574934492219,1.84199210527089 -1.64574934492219,1.84199210527089 -1.7891253262281324))	0
31	3	POLYGON((1.9660562046224799 -1.7891253262281324,2.09012030397407 -1.7891253262281324,2.09012030397407 -1.64574934492219,1.9660562046224799 -1.64574934492219,1.9660562046224799 -1.7891253262281324))	0
0	4	POLYGON((-1.87993087527681 -1.64574934492219,-1.75586677592522 -1.64574934492219,-1.75586677592522 -1.5023733636162475,-1.87993087527681 -1.5023733636162475,-1.87993087527681 -1.64574934492219))	0
1	4	POLYGON((-1.75586677592522 -1.64574934492219,-1.63180267657363 -1.64574934492219,-1.63180267657363 -1.5023733636162475,-1.75586677592522 -1.5023733636162475,-1.75586677592522 -1.64574934492219))	0
2	4	POLYGON((-1.63180267657363 -1.64574934492219,-1.50773857722204 -1.64574934492219,-1.50773857722204 -1.5023733636162475,-1.63180267657363 -1.5023733636162475,-1.63180267657363 -1.64574934492219))	0
3	4	POLYGON((-1.50773857722204 -1.64574934492219,-1.3836744778704502 -1.64574934492219,-1.3836744778704502 -1.5023733636162475,-1.50773857722204 -1.5023733636162475,-1.50773857722204 -1.64574934492219))	0
4	4	POLYGON((-1.3836744778704502 -1.64574934492219,-1.2596103785188602 -1.64574934492219,-1.2596103785188602 -1.5023733636162475,-1.3836744778704502 -1.5023733636162475,-1.3836744778704502 -1.64574934492219))	0
5	4	POLYGON((-1.2596103785188602 -1.64574934492219,-1.13554627916727 -1.64574934492219,-1.13554627916727 -1.5023733636162475,-1.2596103785188602 -1.5023733636162475,-1.2596103785188602 -1.64574934492219))	0
6	4	POLYGON((-1.13554627916727 -1.64574934492219,-1.0114821798156801 -1.64574934492219,-1.0114821798156801 -1.5023733636162475,-1.13554627916727 -1.5023733636162475,-1.13554627916727 -1.64574934492219))	0
7	4	POLYGON((-1.0114821798156801 -1.64574934492219,-0.88741808046409 -1.64574934492219,-0.88741808046409 -1.5023733636162475,-1.0114821798156801 -1.5023733636162475,-1.0114821798156801 -1.64574934492219))	0
8	4	POLYGON((-0.88741808046409 -1.64574934492219,-0.7633539811124999 -1.64574934492219,-0.7633539811124999 -1.5023733636162475,-0.88741808046409 -1.5023733636162475,-0.88741808046409 -1.64574934492219))	0
9	4	POLYGON((-0.7633539811124999 -1.64574934492219,-0.6392898817609101 -1.64574934492219,-0.6392898817609101 -1.5023733636162475,-0.7633539811124999 -1.5023733636162475,-0.7633539811124999 -1.64574934492219))	0
10	4	POLYGON((-0.6392898817609101 -1.64574934492219,-0.5152257824093199 -1.64574934492219,-0.5152257824093199 -1.5023733636162475,-0.6392898817609101 -1.5023733636162475,-0.6392898817609101 -1.64574934492219))	0
11	4	POLYGON((-0.5152257824093199 -1.64574934492219,-0.3911616830577298 -1.64574934492219,-0.3911616830577298 -1.5023733636162475,-0.5152257824093199 -1.5023733636162475,-0.5152257824093199 -1.64574934492219))	0
12	4	POLYGON((-0.3911616830577298 -1.64574934492219,-0.26709758370614 -1.64574934492219,-0.26709758370614 -1.5023733636162475,-0.3911616830577298 -1.5023733636162475,-0.3911616830577298 -1.64574934492219))	0
13	4	POLYGON((-0.26709758370614 -1.64574934492219,-0.14303348435454988 -1.64574934492219,-0.14303348435454988 -1.5023733636162475,-0.26709758370614 -1.5023733636162475,-0.26709758370614 -1.64574934492219))	0
14	4	POLYGON((-0.14303348435454988 -1.64574934492219,-0.01896938500295997 -1.64574934492219,-0.01896938500295997 -1.5023733636162475,-0.14303348435454988 -1.5023733636162475,-0.14303348435454988 -1.64574934492219))	0
15	4	POLYGON((-0.01896938500295997 -1.64574934492219,0.10509471434863005 -1.64574934492219,0.10509471434863005 -1.5023733636162475,-0.01896938500295997 -1.5023733636162475,-0.01896938500295997 -1.64574934492219))	0
16	4	POLYGON((0.10509471434863005 -1.64574934492219,0.22915881370021995 -1.64574934492219,0.22915881370021995 -1.5023733636162475,0.10509471434863005 -1.5023733636162475,0.10509471434863005 -1.64574934492219))	0
17	4	POLYGON((0.22915881370021995 -1.64574934492219,0.3532229130518101 -1.64574934492219,0.3532229130518101 -1.5023733636162475,0.22915881370021995 -1.5023733636162475,0.22915881370021995 -1.64574934492219))	0
18	4	POLYGON((0.3532229130518101 -1.64574934492219,0.4772870124034001 -1.64574934492219,0.4772870124034001 -1.5023733636162475,0.3532229130518101 -1.5023733636162475,0.3532229130518101 -1.64574934492219))	0
19	4	POLYGON((0.4772870124034001 -1.64574934492219,0.60135111175499 -1.64574934492219,0.60135111175499 -1.5023733636162475,0.4772870124034001 -1.5023733636162475,0.4772870124034001 -1.64574934492219))	0
20	4	POLYGON((0.60135111175499 -1.64574934492219,0.7254152111065801 -1.64574934492219,0.7254152111065801 -1.5023733636162475,0.60135111175499 -1.5023733636162475,0.60135111175499 -1.64574934492219))	0
21	4	POLYGON((0.7254152111065801 -1.64574934492219,0.8494793104581702 -1.64574934492219,0.8494793104581702 -1.5023733636162475,0.7254152111065801 -1.5023733636162475,0.7254152111065801 -1.64574934492219))	0
22	4	POLYGON((0.8494793104581702 -1.64574934492219,0.9735434098097601 -1.64574934492219,0.9735434098097601 -1.5023733636162475,0.8494793104581702 -1.5023733636162475,0.8494793104581702 -1.64574934492219))	0
23	4	POLYGON((0.9735434098097601 -1.64574934492219,1.0976075091613502 -1.64574934492219,1.0976075091613502 -1.5023733636162475,0.9735434098097601 -1.5023733636162475,0.9735434098097601 -1.64574934492219))	0
24	4	POLYGON((1.0976075091613502 -1.64574934492219,1.2216716085129402 -1.64574934492219,1.2216716085129402 -1.5023733636162475,1.0976075091613502 -1.5023733636162475,1.0976075091613502 -1.64574934492219))	0
25	4	POLYGON((1.2216716085129402 -1.64574934492219,1.34573570786453 -1.64574934492219,1.34573570786453 -1.5023733636162475,1.2216716085129402 -1.5023733636162475,1.2216716085129402 -1.64574934492219))	0
26	4	POLYGON((1.34573570786453 -1.64574934492219,1.46979980721612 -1.64574934492219,1.46979980721612 -1.5023733636162475,1.34573570786453 -1.5023733636162475,1.34573570786453 -1.64574934492219))	0
27	4	POLYGON((1.46979980721612 -1.64574934492219,1.59386390656771 -1.64574934492219,1.59386390656771 -1.5023733636162475,1.46979980721612 -1.5023733636162475,1.46979980721612 -1.64574934492219))	0
28	4	POLYGON((1.59386390656771 -1.64574934492219,1.7179280059193 -1.64574934492219,1.7179280059193 -1.5023733636162475,1.59386390656771 -1.5023733636162475,1.59386390656771 -1.64574934492219))	0
29	4	POLYGON((1.7179280059193 -1.64574934492219,1.84199210527089 -1.64574934492219,1.84199210527089 -1.5023733636162475,1.7179280059193 -1.5023733636162475,1.7179280059193 -1.64574934492219))	0
30	4	POLYGON((1.84199210527089 -1.64574934492219,1.9660562046224799 -1.64574934492219,1.9660562046224799 -1.5023733636162475,1.84199210527089 -1.5023733636162475,1.84199210527089 -1.64574934492219))	0
31	4	POLYGON((1.9660562046224799 -1.64574934492219,2.09012030397407 -1.64574934492219,2.09012030397407 -1.5023733636162475,1.9660562046224799 -1.5023733636162475,1.9660562046224799 -1.64574934492219))	0
0	5	POLYGON((-1.87993087527681 -1.5023733636162475,-1.75586677592522 -1.5023733636162475,-1.75586677592522 -1.358997382310305,-1.87993087527681 -1.358997382310305,-1.87993087527681 -1.5023733636162475))	0
1	5	POLYGON((-1.75586677592522 -1.5023733636162475,-1.63180267657363 -1.5023733636162475,-1.63180267657363 -1.358997382310305,-1.75586677592522 -1.358997382310305,-1.75586677592522 -1.5023733636162475))	0
2	5	POLYGON((-1.63180267657363 -1.5023733636162475,-1.50773857722204 -1.5023733636162475,-1.50773857722204 -1.358997382310305,-1.63180267657363 -1.358997382310305,-1.63180267657363 -1.5023733636162475))	0
3	5	POLYGON((-1.50773857722204 -1.5023733636162475,-1.3836744778704502 -1.5023733636162475,-1.3836744778704502 -1.358997382310305,-1.50773857722204 -1.358997382310305,-1.50773857722204 -1.5023733636162475))	0
4	5	POLYGON((-1.3836744778704502 -1.5023733636162475,-1.2596103785188602 -1.5023733636162475,-1.2596103785188602 -1.358997382310305,-1.3836744778704502 -1.358997382310305,-1.3836744778704502 -1.5023733636162475))	0
5	5	POLYGON((-1.2596103785188602 -1.5023733636162475,-1.13554627916727 -1.5023733636162475,-1.13554627916727 -1.358997382310305,-1.2596103785188602 -1.358997382310305,-1.2596103785188602 -1.5023733636162475))	0
6	5	POLYGON((-1.13554627916727 -1.5023733636162475,-1.0114821798156801 -1.5023733636162475,-1.0114821798156801 -1.358997382310305,-1.13554627916727 -1.358997382310305,-1.13554627916727 -1.5023733636162475))	0
7	5	POLYGON((-1.0114821798156801 -1.5023733636162475,-0.88741808046409 -1.5023733636162475,-0.88741808046409 -1.358997382310305,-1.0114821798156801 -1.358997382310305,-1.0114821798156801 -1.5023733636162475))	0
8	5	POLYGON((-0.88741808046409 -1.5023733636162475,-0.7633539811124999 -1.5023733636162475,-0.7633539811124999 -1.358997382310305,-0.88741808046409 -1.358997382310305,-0.88741808046409 -1.5023733636162475))	0
9	5	POLYGON((-0.7633539811124999 -1.5023733636162475,-0.6392898817609101 -1.5023733636162475,-0.6392898817609101 -1.358997382310305,-0.7633539811124999 -1.358997382310305,-0.7633539811124999 -1.5023733636162475))	0
10	5	POLYGON((-0.6392898817609101 -1.5023733636162475,-0.5152257824093199 -1.5023733636162475,-0.5152257824093199 -1.358997382310305,-0.6392898817609101 -1.358997382310305,-0.6392898817609101 -1.5023733636162475))	0
11	5	POLYGON((-0.5152257824093199 -1.5023733636162475,-0.3911616830577298 -1.5023733636162475,-0.3911616830577298 -1.358997382310305,-0.5152257824093199 -1.358997382310305,-0.5152257824093199 -1.5023733636162475))	0
12	5	POLYGON((-0.3911616830577298 -1.5023733636162475,-0.26709758370614 -1.5023733636162475,-0.26709758370614 -1.358997382310305,-0.3911616830577298 -1.358997382310305,-0.3911616830577298 -1.5023733636162475))	0
13	5	POLYGON((-0.26709758370614 -1.5023733636162475,-0.14303348435454988 -1.5023733636162475,-0.14303348435454988 -1.358997382310305,-0.26709758370614 -1.358997382310305,-0.26709758370614 -1.5023733636162475))	0
14	5	POLYGON((-0.14303348435454988 -1.5023733636162475,-0.01896938500295997 -1.5023733636162475,-0.01896938500295997 -1.358997382310305,-0.14303348435454988 -1.358997382310305,-0.14303348435454988 -1.5023733636162475))	0
15	5	POLYGON((-0.01896938500295997 -1.5023733636162475,0.10509471434863005 -1.5023733636162475,0.10509471434863005 -1.358997382310305,-0.01896938500295997 -1.358997382310305,-0.01896938500295997 -1.5023733636162475))	0
16	5	POLYGON((0.10509471434863005 -1.5023733636162475,0.22915881370021995 -1.5023733636162475,0.22915881370021995 -1.358997382310305,0.10509471434863005 -1.358997382310305,0.10509471434863005 -1.5023733636162475))	0
17	5	POLYGON((0.22915881370021995 -1.5023733636162475,0.3532229130518101 -1.5023733636162475,0.3532229130518101 -1.358997382310305,0.22915881370021995 -1.358997382310305,0.22915881370021995 -1.5023733636162475))	0
18	5	POLYGON((0.3532229130518101 -1.5023733636162475,0.4772870124034001 -1.5023733636162475,0.4772870124034001 -1.358997382310305,0.3532229130518101 -1.358997382310305,0.3532229130518101 -1.5023733636162475))	0
19	5	POLYGON((0.4772870124034001 -1.5023733636162475,0.60135111175499 -1.5023733636162475,0.60135111175499 -1.358997382310305,0.4772870124034001 -1.358997382310305,0.4772870124034001 -1.5023733636162475))	0
20	5	POLYGON((0.60135111175499 -1.5023733636162475,0.7254152111065801 -1.5023733636162475,0.7254152111065801 -1.358997382310305,0.60135111175499 -1.358997382310305,0.60135111175499 -1.5023733636162475))	0
21	5	POLYGON((0.7254152111065801 -1.5023733636162475,0.8494793104581702 -1.5023733636162475,0.8494793104581702 -1.358997382310305,0.7254152111065801 -1.358997382310305,0.7254152111065801 -1.5023733636162475))	0
22	5	POLYGON((0.8494793104581702 -1.5023733636162475,0.9735434098097601 -1.5023733636162475,0.9735434098097601 -1.358997382310305,0.8494793104581702 -1.358997382310305,0.8494793104581702 -1.5023733636162475))	0
23	5	POLYGON((0.9735434098097601 -1.5023733636162475,1.0976075091613502 -1.5023733636162475,1.0976075091613502 -1.358997382310305,0.9735434098097601 -1.358997382310305,0.9735434098097601 -1.5023733636162475))	0
24	5	POLYGON((1.0976075091613502 -1.5023733636162475,1.2216716085129402 -1.5023733636162475,1.2216716085129402 -1.358997382310305,1.0976075091613502 -1.358997382310305,1.0976075091613502 -1.5023733636162475))	0
25	5	POLYGON((1.2216716085129402 -1.5023733636162475,1.34573570786453 -1.5023733636162475,1.34573570786453 -1.358997382310305,1.2216716085129402 -1.358997382310305,1.2216716085129402 -1.5023733636162475))	0
26	5	POLYGON((1.34573570786453 -1.5023733636162475,1.46979980721612 -1.5023733636162475,1.46979980721612 -1.358997382310305,1.34573570786453 -1.358997382310305,1.34573570786453 -1.5023733636162475))	0
27	5	POLYGON((1.46979980721612 -1.5023733636162475,1.59386390656771 -1.5023733636162475,1.59386390656771 -1.358997382310305,1.46979980721612 -1.358997382310305,1.46979980721612 -1.5023733636162475))	0
28	5	POLYGON((1.59386390656771 -1.5023733636162475,1.7179280059193 -1.5023733636162475,1.7179280059193 -1.358997382310305,1.59386390656771 -1.358997382310305,1.59386390656771 -1.5023733636162475))	0
29	5	POLYGON((1.7179280059193 -1.5023733636162475,1.84199210527089 -1.5023733636162475,1.84199210527089 -1.358997382310305,1.7179280059193 -1.358997382310305,1.7179280059193 -1.5023733636162475))	0
30	5	POLYGON((1.84199210527089 -1.5023733636162475,1.9660562046224799 -1.5023733636162475,1.9660562046224799 -1.358997382310305,1.84199210527089 -1.358997382310305,1.84199210527089 -1.5023733636162475))	0
31	5	POLYGON((1.9660562046224799 -1.5023733636162475,2.09012030397407 -1.5023733636162475,2.09012030397407 -1.358997382310305,1.9660562046224799 -1.358997382310305,1.9660562046224799 -1.5023733636162475))	0
0	6	POLYGON((-1.87993087527681 -1.358997382310305,-1.75586677592522 -1.358997382310305,-1.75586677592522 -1.2156214010043627,-1.87993087527681 -1.2156214010043627,-1.87993087527681 -1.358997382310305))	0
1	6	POLYGON((-1.75586677592522 -1.358997382310305,-1.63180267657363 -1.358997382310305,-1.63180267657363 -1.2156214010043627,-1.75586677592522 -1.2156214010043627,-1.75586677592522 -1.358997382310305))	0
2	6	POLYGON((-1.63180267657363 -1.358997382310305,-1.50773857722204 -1.358997382310305,-1.50773857722204 -1.2156214010043627,-1.63180267657363 -1.2156214010043627,-1.63180267657363 -1.358997382310305))	0
3	6	POLYGON((-1.50773857722204 -1.358997382310305,-1.3836744778704502 -1.358997382310305,-1.3836744778704502 -1.2156214010043627,-1.50773857722204 -1.2156214010043627,-1.50773857722204 -1.358997382310305))	0
4	6	POLYGON((-1.3836744778704502 -1.358997382310305,-1.2596103785188602 -1.358997382310305,-1.2596103785188602 -1.2156214010043627,-1.3836744778704502 -1.2156214010043627,-1.3836744778704502 -1.358997382310305))	0
5	6	POLYGON((-1.2596103785188602 -1.358997382310305,-1.13554627916727 -1.358997382310305,-1.13554627916727 -1.2156214010043627,-1.2596103785188602 -1.2156214010043627,-1.2596103785188602 -1.358997382310305))	0
6	6	POLYGON((-1.13554627916727 -1.358997382310305,-1.0114821798156801 -1.358997382310305,-1.0114821798156801 -1.2156214010043627,-1.13554627916727 -1.2156214010043627,-1.13554627916727 -1.358997382310305))	0
7	6	POLYGON((-1.0114821798156801 -1.358997382310305,-0.88741808046409 -1.358997382310305,-0.88741808046409 -1.2156214010043627,-1.0114821798156801 -1.2156214010043627,-1.0114821798156801 -1.358997382310305))	0
8	6	POLYGON((-0.88741808046409 -1.358997382310305,-0.7633539811124999 -1.358997382310305,-0.7633539811124999 -1.2156214010043627,-0.88741808046409 -1.2156214010043627,-0.88741808046409 -1.358997382310305))	0
9	6	POLYGON((-0.7633539811124999 -1.358997382310305,-0.6392898817609101 -1.358997382310305,-0.6392898817609101 -1.2156214010043627,-0.7633539811124999 -1.2156214010043627,-0.7633539811124999 -1.358997382310305))	0
10	6	POLYGON((-0.6392898817609101 -1.358997382310305,-0.5152257824093199 -1.358997382310305,-0.5152257824093199 -1.2156214010043627,-0.6392898817609101 -1.2156214010043627,-0.6392898817609101 -1.358997382310305))	0
11	6	POLYGON((-0.5152257824093199 -1.358997382310305,-0.3911616830577298 -1.358997382310305,-0.3911616830577298 -1.2156214010043627,-0.5152257824093199 -1.2156214010043627,-0.5152257824093199 -1.358997382310305))	0
12	6	POLYGON((-0.3911616830577298 -1.358997382310305,-0.26709758370614 -1.358997382310305,-0.26709758370614 -1.2156214010043627,-0.3911616830577298 -1.2156214010043627,-0.3911616830577298 -1.358997382310305))	0
13	6	POLYGON((-0.26709758370614 -1.358997382310305,-0.14303348435454988 -1.358997382310305,-0.14303348435454988 -1.2156214010043627,-0.26709758370614 -1.2156214010043627,-0.26709758370614 -1.358997382310305))	0
14	6	POLYGON((-0.14303348435454988 -1.358997382310305,-0.01896938500295997 -1.358997382310305,-0.01896938500295997 -1.2156214010043627,-0.14303348435454988 -1.2156214010043627,-0.14303348435454988 -1.358997382310305))	0
15	6	POLYGON((-0.01896938500295997 -1.358997382310305,0.10509471434863005 -1.358997382310305,0.10509471434863005 -1.2156214010043627,-0.01896938500295997 -1.2156214010043627,-0.01896938500295997 -1.358997382310305))	0
16	6	POLYGON((0.10509471434863005 -1.358997382310305,0.22915881370021995 -1.358997382310305,0.22915881370021995 -1.2156214010043627,0.10509471434863005 -1.2156214010043627,0.10509471434863005 -1.358997382310305))	0
17	6	POLYGON((0.22915881370021995 -1.358997382310305,0.3532229130518101 -1.358997382310305,0.3532229130518101 -1.2156214010043627,0.22915881370021995 -1.2156214010043627,0.22915881370021995 -1.358997382310305))	0
18	6	POLYGON((0.3532229130518101 -1.358997382310305,0.4772870124034001 -1.358997382310305,0.4772870124034001 -1.2156214010043627,0.3532229130518101 -1.2156214010043627,0.3532229130518101 -1.358997382310305))	0
19	6	POLYGON((0.4772870124034001 -1.358997382310305,0.60135111175499 -1.358997382310305,0.60135111175499 -1.2156214010043627,0.4772870124034001 -1.2156214010043627,0.4772870124034001 -1.358997382310305))	0
20	6	POLYGON((0.60135111175499 -1.358997382310305,0.7254152111065801 -1.358997382310305,0.7254152111065801 -1.2156214010043627,0.60135111175499 -1.2156214010043627,0.60135111175499 -1.358997382310305))	0
21	6	POLYGON((0.7254152111065801 -1.358997382310305,0.8494793104581702 -1.358997382310305,0.8494793104581702 -1.2156214010043627,0.7254152111065801 -1.2156214010043627,0.7254152111065801 -1.358997382310305))	0
22	6	POLYGON((0.8494793104581702 -1.358997382310305,0.9735434098097601 -1.358997382310305,0.9735434098097601 -1.2156214010043627,0.8494793104581702 -1.2156214010043627,0.8494793104581702 -1.358997382310305))	0
23	6	POLYGON((0.9735434098097601 -1.358997382310305,1.0976075091613502 -1.358997382310305,1.0976075091613502 -1.2156214010043627,0.9735434098097601 -1.2156214010043627,0.9735434098097601 -1.358997382310305))	0
24	6	POLYGON((1.0976075091613502 -1.358997382310305,1.2216716085129402 -1.358997382310305,1.2216716085129402 -1.2156214010043627,1.0976075091613502 -1.2156214010043627,1.0976075091613502 -1.358997382310305))	0
25	6	POLYGON((1.2216716085129402 -1.358997382310305,1.34573570786453 -1.358997382310305,1.34573570786453 -1.2156214010043627,1.2216716085129402 -1.2156214010043627,1.2216716085129402 -1.358997382310305))	0
26	6	POLYGON((1.34573570786453 -1.358997382310305,1.46979980721612 -1.358997382310305,1.46979980721612 -1.2156214010043627,1.34573570786453 -1.2156214010043627,1.34573570786453 -1.358997382310305))	0
27	6	POLYGON((1.46979980721612 -1.358997382310305,1.59386390656771 -1.358997382310305,1.59386390656771 -1.2156214010043627,1.46979980721612 -1.2156214010043627,1.46979980721612 -1.358997382310305))	0
28	6	POLYGON((1.59386390656771 -1.358997382310305,1.7179280059193 -1.358997382310305,1.7179280059193 -1.2156214010043627,1.59386390656771 -1.2156214010043627,1.59386390656771 -1.358997382310305))	0
29	6	POLYGON((1.7179280059193 -1.358997382310305,1.84199210527089 -1.358997382310305,1.84199210527089 -1.2156214010043627,1.7179280059193 -1.2156214010043627,1.7179280059193 -1.358997382310305))	0
30	6	POLYGON((1.84199210527089 -1.358997382310305,1.9660562046224799 -1.358997382310305,1.9660562046224799 -1.2156214010043627,1.84199210527089 -1.2156214010043627,1.84199210527089 -1.358997382310305))	0
31	6	POLYGON((1.9660562046224799 -1.358997382310305,2.09012030397407 -1.358997382310305,2.09012030397407 -1.2156214010043627,1.9660562046224799 -1.2156214010043627,1.9660562046224799 -1.358997382310305))	0
0	7	POLYGON((-1.87993087527681 -1.2156214010043627,-1.75586677592522 -1.2156214010043627,-1.75586677592522 -1.0722454196984201,-1.87993087527681 -1.0722454196984201,-1.87993087527681 -1.2156214010043627))	0
1	7	POLYGON((-1.75586677592522 -1.2156214010043627,-1.63180267657363 -1.2156214010043627,-1.63180267657363 -1.0722454196984201,-1.75586677592522 -1.0722454196984201,-1.75586677592522 -1.2156214010043627))	0
2	7	POLYGON((-1.63180267657363 -1.2156214010043627,-1.50773857722204 -1.2156214010043627,-1.50773857722204 -1.0722454196984201,-1.63180267657363 -1.0722454196984201,-1.63180267657363 -1.2156214010043627))	0
3	7	POLYGON((-1.50773857722204 -1.2156214010043627,-1.3836744778704502 -1.2156214010043627,-1.3836744778704502 -1.0722454196984201,-1.50773857722204 -1.0722454196984201,-1.50773857722204 -1.2156214010043627))	0
4	7	POLYGON((-1.3836744778704502 -1.2156214010043627,-1.2596103785188602 -1.2156214010043627,-1.2596103785188602 -1.0722454196984201,-1.3836744778704502 -1.0722454196984201,-1.3836744778704502 -1.2156214010043627))	0
5	7	POLYGON((-1.2596103785188602 -1.2156214010043627,-1.13554627916727 -1.2156214010043627,-1.13554627916727 -1.0722454196984201,-1.2596103785188602 -1.0722454196984201,-1.2596103785188602 -1.2156214010043627))	0
6	7	POLYGON((-1.13554627916727 -1.2156214010043627,-1.0114821798156801 -1.2156214010043627,-1.0114821798156801 -1.0722454196984201,-1.13554627916727 -1.0722454196984201,-1.13554627916727 -1.2156214010043627))	0
7	7	POLYGON((-1.0114821798156801 -1.2156214010043627,-0.88741808046409 -1.2156214010043627,-0.88741808046409 -1.0722454196984201,-1.0114821798156801 -1.0722454196984201,-1.0114821798156801 -1.2156214010043627))	0
8	7	POLYGON((-0.88741808046409 -1.2156214010043627,-0.7633539811124999 -1.2156214010043627,-0.7633539811124999 -1.0722454196984201,-0.88741808046409 -1.0722454196984201,-0.88741808046409 -1.2156214010043627))	0
9	7	POLYGON((-0.7633539811124999 -1.2156214010043627,-0.6392898817609101 -1.2156214010043627,-0.6392898817609101 -1.0722454196984201,-0.7633539811124999 -1.0722454196984201,-0.7633539811124999 -1.2156214010043627))	0
10	7	POLYGON((-0.6392898817609101 -1.2156214010043627,-0.5152257824093199 -1.2156214010043627,-0.5152257824093199 -1.0722454196984201,-0.6392898817609101 -1.0722454196984201,-0.6392898817609101 -1.2156214010043627))	0
11	7	POLYGON((-0.5152257824093199 -1.2156214010043627,-0.3911616830577298 -1.2156214010043627,-0.3911616830577298 -1.0722454196984201,-0.5152257824093199 -1.0722454196984201,-0.5152257824093199 -1.2156214010043627))	0
12	7	POLYGON((-0.3911616830577298 -1.2156214010043627,-0.26709758370614 -1.2156214010043627,-0.26709758370614 -1.0722454196984201,-0.3911616830577298 -1.0722454196984201,-0.3911616830577298 -1.2156214010043627))	0
13	7	POLYGON((-0.26709758370614 -1.2156214010043627,-0.14303348435454988 -1.2156214010043627,-0.14303348435454988 -1.0722454196984201,-0.26709758370614 -1.0722454196984201,-0.26709758370614 -1.2156214010043627))	0
14	7	POLYGON((-0.14303348435454988 -1.2156214010043627,-0.01896938500295997 -1.2156214010043627,-0.01896938500295997 -1.0722454196984201,-0.14303348435454988 -1.0722454196984201,-0.14303348435454988 -1.2156214010043627))	0
15	7	POLYGON((-0.01896938500295997 -1.2156214010043627,0.10509471434863005 -1.2156214010043627,0.10509471434863005 -1.0722454196984201,-0.01896938500295997 -1.0722454196984201,-0.01896938500295997 -1.2156214010043627))	0
16	7	POLYGON((0.10509471434863005 -1.2156214010043627,0.22915881370021995 -1.2156214010043627,0.22915881370021995 -1.0722454196984201,0.10509471434863005 -1.0722454196984201,0.10509471434863005 -1.2156214010043627))	0
17	7	POLYGON((0.22915881370021995 -1.2156214010043627,0.3532229130518101 -1.2156214010043627,0.3532229130518101 -1.0722454196984201,0.22915881370021995 -1.0722454196984201,0.22915881370021995 -1.2156214010043627))	0
18	7	POLYGON((0.3532229130518101 -1.2156214010043627,0.4772870124034001 -1.2156214010043627,0.4772870124034001 -1.0722454196984201,0.3532229130518101 -1.0722454196984201,0.3532229130518101 -1.2156214010043627))	0
19	7	POLYGON((0.4772870124034001 -1.2156214010043627,0.60135111175499 -1.2156214010043627,0.60135111175499 -1.0722454196984201,0.4772870124034001 -1.0722454196984201,0.4772870124034001 -1.2156214010043627))	0
20	7	POLYGON((0.60135111175499 -1.2156214010043627,0.7254152111065801 -1.2156214010043627,0.7254152111065801 -1.0722454196984201,0.60135111175499 -1.0722454196984201,0.60135111175499 -1.2156214010043627))	0
21	7	POLYGON((0.7254152111065801 -1.2156214010043627,0.8494793104581702 -1.2156214010043627,0.8494793104581702 -1.0722454196984201,0.7254152111065801 -1.0722454196984201,0.7254152111065801 -1.2156214010043627))	0
22	7	POLYGON((0.8494793104581702 -1.2156214010043627,0.9735434098097601 -1.2156214010043627,0.9735434098097601 -1.0722454196984201,0.8494793104581702 -1.0722454196984201,0.8494793104581702 -1.2156214010043627))	0
23	7	POLYGON((0.9735434098097601 -1.2156214010043627,1.0976075091613502 -1.2156214010043627,1.0976075091613502 -1.0722454196984201,0.9735434098097601 -1.0722454196984201,0.9735434098097601 -1.2156214010043627))	0
24	7	POLYGON((1.0976075091613502 -1.2156214010043627,1.2216716085129402 -1.2156214010043627,1.2216716085129402 -1.0722454196984201,1.0976075091613502 -1.0722454196984201,1.0976075091613502 -1.2156214010043627))	0
25	7	POLYGON((1.2216716085129402 -1.2156214010043627,1.34573570786453 -1.2156214010043627,1.34573570786453 -1.0722454196984201,1.2216716085129402 -1.0722454196984201,1.2216716085129402 -1.2156214010043627))	0
26	7	POLYGON((1.34573570786453 -1.2156214010043627,1.46979980721612 -1.2156214010043627,1.46979980721612 -1.0722454196984201,1.34573570786453 -1.0722454196984201,1.34573570786453 -1.2156214010043627))	0
27	7	POLYGON((1.46979980721612 -1.2156214010043627,1.59386390656771 -1.2156214010043627,1.59386390656771 -1.0722454196984201,1.46979980721612 -1.0722454196984201,1.46979980721612 -1.2156214010043627))	0
28	7	POLYGON((1.59386390656771 -1.2156214010043627,1.7179280059193 -1.2156214010043627,1.7179280059193 -1.0722454196984201,1.59386390656771 -1.0722454196984201,1.59386390656771 -1.2156214010043627))	0
29	7	POLYGON((1.7179280059193 -1.2156214010043627,1.84199210527089 -1.2156214010043627,1.84199210527089 -1.0722454196984201,1.7179280059193 -1.0722454196984201,1.7179280059193 -1.2156214010043627))	0
30	7	POLYGON((1.84199210527089 -1.2156214010043627,1.9660562046224799 -1.2156214010043627,1.9660562046224799 -1.0722454196984201,1.84199210527089 -1.0722454196984201,1.84199210527089 -1.2156214010043627))	0
31	7	POLYGON((1.9660562046224799 -1.2156214010043627,2.09012030397407 -1.2156214010043627,2.09012030397407 -1.0722454196984201,1.9660562046224799 -1.0722454196984201,1.9660562046224799 -1.2156214010043627))	0
0	8	POLYGON((-1.87993087527681 -1.0722454196984201,-1.75586677592522 -1.0722454196984201,-1.75586677592522 -0.9288694383924775,-1.87993087527681 -0.9288694383924775,-1.87993087527681 -1.0722454196984201))	0
1	8	POLYGON((-1.75586677592522 -1.0722454196984201,-1.63180267657363 -1.0722454196984201,-1.63180267657363 -0.9288694383924775,-1.75586677592522 -0.9288694383924775,-1.75586677592522 -1.0722454196984201))	0
2	8	POLYGON((-1.63180267657363 -1.0722454196984201,-1.50773857722204 -1.0722454196984201,-1.50773857722204 -0.9288694383924775,-1.63180267657363 -0.9288694383924775,-1.63180267657363 -1.0722454196984201))	0
3	8	POLYGON((-1.50773857722204 -1.0722454196984201,-1.3836744778704502 -1.0722454196984201,-1.3836744778704502 -0.9288694383924775,-1.50773857722204 -0.9288694383924775,-1.50773857722204 -1.0722454196984201))	0
4	8	POLYGON((-1.3836744778704502 -1.0722454196984201,-1.2596103785188602 -1.0722454196984201,-1.2596103785188602 -0.9288694383924775,-1.3836744778704502 -0.9288694383924775,-1.3836744778704502 -1.0722454196984201))	0
5	8	POLYGON((-1.2596103785188602 -1.0722454196984201,-1.13554627916727 -1.0722454196984201,-1.13554627916727 -0.9288694383924775,-1.2596103785188602 -0.9288694383924775,-1.2596103785188602 -1.0722454196984201))	0
6	8	POLYGON((-1.13554627916727 -1.0722454196984201,-1.0114821798156801 -1.0722454196984201,-1.0114821798156801 -0.9288694383924775,-1.13554627916727 -0.9288694383924775,-1.13554627916727 -1.0722454196984201))	0
7	8	POLYGON((-1.0114821798156801 -1.0722454196984201,-0.88741808046409 -1.0722454196984201,-0.88741808046409 -0.9288694383924775,-1.0114821798156801 -0.9288694383924775,-1.0114821798156801 -1.0722454196984201))	0
8	8	POLYGON((-0.88741808046409 -1.0722454196984201,-0.7633539811124999 -1.0722454196984201,-0.7633539811124999 -0.9288694383924775,-0.88741808046409 -0.9288694383924775,-0.88741808046409 -1.0722454196984201))	0
9	8	POLYGON((-0.7633539811124999 -1.0722454196984201,-0.6392898817609101 -1.0722454196984201,-0.6392898817609101 -0.9288694383924775,-0.7633539811124999 -0.9288694383924775,-0.7633539811124999 -1.0722454196984201))	0
10	8	POLYGON((-0.6392898817609101 -1.0722454196984201,-0.5152257824093199 -1.0722454196984201,-0.5152257824093199 -0.9288694383924775,-0.6392898817609101 -0.9288694383924775,-0.6392898817609101 -1.0722454196984201))	0
11	8	POLYGON((-0.5152257824093199 -1.0722454196984201,-0.3911616830577298 -1.0722454196984201,-0.3911616830577298 -0.9288694383924775,-0.5152257824093199 -0.9288694383924775,-0.5152257824093199 -1.0722454196984201))	0
12	8	POLYGON((-0.3911616830577298 -1.0722454196984201,-0.26709758370614 -1.0722454196984201,-0.26709758370614 -0.9288694383924775,-0.3911616830577298 -0.9288694383924775,-0.3911616830577298 -1.0722454196984201))	0
13	8	POLYGON((-0.26709758370614 -1.0722454196984201,-0.14303348435454988 -1.0722454196984201,-0.14303348435454988 -0.9288694383924775,-0.26709758370614 -0.9288694383924775,-0.26709758370614 -1.0722454196984201))	0
14	8	POLYGON((-0.14303348435454988 -1.0722454196984201,-0.01896938500295997 -1.0722454196984201,-0.01896938500295997 -0.9288694383924775,-0.14303348435454988 -0.9288694383924775,-0.14303348435454988 -1.0722454196984201))	0
15	8	POLYGON((-0.01896938500295997 -1.0722454196984201,0.10509471434863005 -1.0722454196984201,0.10509471434863005 -0.9288694383924775,-0.01896938500295997 -0.9288694383924775,-0.01896938500295997 -1.0722454196984201))	0
16	8	POLYGON((0.10509471434863005 -1.0722454196984201,0.22915881370021995 -1.0722454196984201,0.22915881370021995 -0.9288694383924775,0.10509471434863005 -0.9288694383924775,0.10509471434863005 -1.0722454196984201))	0
17	8	POLYGON((0.22915881370021995 -1.0722454196984201,0.3532229130518101 -1.0722454196984201,0.3532229130518101 -0.9288694383924775,0.22915881370021995 -0.9288694383924775,0.22915881370021995 -1.0722454196984201))	0
18	8	POLYGON((0.3532229130518101 -1.0722454196984201,0.4772870124034001 -1.0722454196984201,0.4772870124034001 -0.9288694383924775,0.3532229130518101 -0.9288694383924775,0.3532229130518101 -1.0722454196984201))	0
19	8	POLYGON((0.4772870124034001 -1.0722454196984201,0.60135111175499 -1.0722454196984201,0.60135111175499 -0.9288694383924775,0.4772870124034001 -0.9288694383924775,0.4772870124034001 -1.0722454196984201))	0
20	8	POLYGON((0.60135111175499 -1.0722454196984201,0.7254152111065801 -1.0722454196984201,0.7254152111065801 -0.9288694383924775,0.60135111175499 -0.9288694383924775,0.60135111175499 -1.0722454196984201))	0
21	8	POLYGON((0.7254152111065801 -1.0722454196984201,0.8494793104581702 -1.0722454196984201,0.8494793104581702 -0.9288694383924775,0.7254152111065801 -0.9288694383924775,0.7254152111065801 -1.0722454196984201))	0
22	8	POLYGON((0.8494793104581702 -1.0722454196984201,0.9735434098097601 -1.0722454196984201,0.9735434098097601 -0.9288694383924775,0.8494793104581702 -0.9288694383924775,0.8494793104581702 -1.0722454196984201))	0
23	8	POLYGON((0.9735434098097601 -1.0722454196984201,1.0976075091613502 -1.0722454196984201,1.0976075091613502 -0.9288694383924775,0.9735434098097601 -0.9288694383924775,0.9735434098097601 -1.0722454196984201))	0
24	8	POLYGON((1.0976075091613502 -1.0722454196984201,1.2216716085129402 -1.0722454196984201,1.2216716085129402 -0.9288694383924775,1.0976075091613502 -0.9288694383924775,1.0976075091613502 -1.0722454196984201))	0
25	8	POLYGON((1.2216716085129402 -1.0722454196984201,1.34573570786453 -1.0722454196984201,1.34573570786453 -0.9288694383924775,1.2216716085129402 -0.9288694383924775,1.2216716085129402 -1.0722454196984201))	0
26	8	POLYGON((1.34573570786453 -1.0722454196984201,1.46979980721612 -1.0722454196984201,1.46979980721612 -0.9288694383924775,1.34573570786453 -0.9288694383924775,1.34573570786453 -1.0722454196984201))	0
27	8	POLYGON((1.46979980721612 -1.0722454196984201,1.59386390656771 -1.0722454196984201,1.59386390656771 -0.9288694383924775,1.46979980721612 -0.9288694383924775,1.46979980721612 -1.0722454196984201))	0
28	8	POLYGON((1.59386390656771 -1.0722454196984201,1.7179280059193 -1.0722454196984201,1.7179280059193 -0.9288694383924775,1.59386390656771 -0.9288694383924775,1.59386390656771 -1.0722454196984201))	0
29	8	POLYGON((1.7179280059193 -1.0722454196984201,1.84199210527089 -1.0722454196984201,1.84199210527089 -0.9288694383924775,1.7179280059193 -0.9288694383924775,1.7179280059193 -1.0722454196984201))	0
30	8	POLYGON((1.84199210527089 -1.0722454196984201,1.9660562046224799 -1.0722454196984201,1.9660562046224799 -0.9288694383924775,1.84199210527089 -0.9288694383924775,1.84199210527089 -1.0722454196984201))	0
31	8	POLYGON((1.9660562046224799 -1.0722454196984201,2.09012030397407 -1.0722454196984201,2.09012030397407 -0.9288694383924775,1.9660562046224799 -0.9288694383924775,1.9660562046224799 -1.0722454196984201))	0
0	9	POLYGON((-1.87993087527681 -0.9288694383924775,-1.75586677592522 -0.9288694383924775,-1.75586677592522 -0.7854934570865351,-1.87993087527681 -0.7854934570865351,-1.87993087527681 -0.9288694383924775))	0
1	9	POLYGON((-1.75586677592522 -0.9288694383924775,-1.63180267657363 -0.9288694383924775,-1.63180267657363 -0.7854934570865351,-1.75586677592522 -0.7854934570865351,-1.75586677592522 -0.9288694383924775))	0
2	9	POLYGON((-1.63180267657363 -0.9288694383924775,-1.50773857722204 -0.9288694383924775,-1.50773857722204 -0.7854934570865351,-1.63180267657363 -0.7854934570865351,-1.63180267657363 -0.9288694383924775))	0
3	9	POLYGON((-1.50773857722204 -0.9288694383924775,-1.3836744778704502 -0.9288694383924775,-1.3836744778704502 -0.7854934570865351,-1.50773857722204 -0.7854934570865351,-1.50773857722204 -0.9288694383924775))	0
4	9	POLYGON((-1.3836744778704502 -0.9288694383924775,-1.2596103785188602 -0.9288694383924775,-1.2596103785188602 -0.7854934570865351,-1.3836744778704502 -0.7854934570865351,-1.3836744778704502 -0.9288694383924775))	0
5	9	POLYGON((-1.2596103785188602 -0.9288694383924775,-1.13554627916727 -0.9288694383924775,-1.13554627916727 -0.7854934570865351,-1.2596103785188602 -0.7854934570865351,-1.2596103785188602 -0.9288694383924775))	0
6	9	POLYGON((-1.13554627916727 -0.9288694383924775,-1.0114821798156801 -0.9288694383924775,-1.0114821798156801 -0.7854934570865351,-1.13554627916727 -0.7854934570865351,-1.13554627916727 -0.9288694383924775))	0
7	9	POLYGON((-1.0114821798156801 -0.9288694383924775,-0.88741808046409 -0.9288694383924775,-0.88741808046409 -0.7854934570865351,-1.0114821798156801 -0.7854934570865351,-1.0114821798156801 -0.9288694383924775))	0
8	9	POLYGON((-0.88741808046409 -0.9288694383924775,-0.7633539811124999 -0.9288694383924775,-0.7633539811124999 -0.7854934570865351,-0.88741808046409 -0.7854934570865351,-0.88741808046409 -0.9288694383924775))	0
9	9	POLYGON((-0.7633539811124999 -0.9288694383924775,-0.6392898817609101 -0.9288694383924775,-0.6392898817609101 -0.7854934570865351,-0.7633539811124999 -0.7854934570865351,-0.7633539811124999 -0.9288694383924775))	0
10	9	POLYGON((-0.6392898817609101 -0.9288694383924775,-0.5152257824093199 -0.9288694383924775,-0.5152257824093199 -0.7854934570865351,-0.6392898817609101 -0.7854934570865351,-0.6392898817609101 -0.9288694383924775))	0
11	9	POLYGON((-0.5152257824093199 -0.9288694383924775,-0.3911616830577298 -0.9288694383924775,-0.3911616830577298 -0.7854934570865351,-0.5152257824093199 -0.7854934570865351,-0.5152257824093199 -0.9288694383924775))	0
12	9	POLYGON((-0.3911616830577298 -0.9288694383924775,-0.26709758370614 -0.9288694383924775,-0.26709758370614 -0.7854934570865351,-0.3911616830577298 -0.7854934570865351,-0.3911616830577298 -0.9288694383924775))	0
13	9	POLYGON((-0.26709758370614 -0.9288694383924775,-0.14303348435454988 -0.9288694383924775,-0.14303348435454988 -0.7854934570865351,-0.26709758370614 -0.7854934570865351,-0.26709758370614 -0.9288694383924775))	0
14	9	POLYGON((-0.14303348435454988 -0.9288694383924775,-0.01896938500295997 -0.9288694383924775,-0.01896938500295997 -0.7854934570865351,-0.14303348435454988 -0.7854934570865351,-0.14303348435454988 -0.9288694383924775))	0
15	9	POLYGON((-0.01896938500295997 -0.9288694383924775,0.10509471434863005 -0.9288694383924775,0.10509471434863005 -0.7854934570865351,-0.01896938500295997 -0.7854934570865351,-0.01896938500295997 -0.9288694383924775))	0
16	9	POLYGON((0.10509471434863005 -0.9288694383924775,0.22915881370021995 -0.9288694383924775,0.22915881370021995 -0.7854934570865351,0.10509471434863005 -0.7854934570865351,0.10509471434863005 -0.9288694383924775))	0
17	9	POLYGON((0.22915881370021995 -0.9288694383924775,0.3532229130518101 -0.9288694383924775,0.3532229130518101 -0.7854934570865351,0.22915881370021995 -0.7854934570865351,0.22915881370021995 -0.9288694383924775))	0
18	9	POLYGON((0.3532229130518101 -0.9288694383924775,0.4772870124034001 -0.9288694383924775,0.4772870124034001 -0.7854934570865351,0.3532229130518101 -0.7854934570865351,0.3532229130518101 -0.9288694383924775))	0
19	9	POLYGON((0.4772870124034001 -0.9288694383924775,0.60135111175499 -0.9288694383924775,0.60135111175499 -0.7854934570865351,0.4772870124034001 -0.7854934570865351,0.4772870124034001 -0.9288694383924775))	0
20	9	POLYGON((0.60135111175499 -0.9288694383924775,0.7254152111065801 -0.9288694383924775,0.7254152111065801 -0.7854934570865351,0.60135111175499 -0.7854934570865351,0.60135111175499 -0.9288694383924775))	0
21	9	POLYGON((0.7254152111065801 -0.9288694383924775,0.8494793104581702 -0.9288694383924775,0.8494793104581702 -0.7854934570865351,0.7254152111065801 -0.7854934570865351,0.7254152111065801 -0.9288694383924775))	0
22	9	POLYGON((0.8494793104581702 -0.9288694383924775,0.9735434098097601 -0.9288694383924775,0.9735434098097601 -0.7854934570865351,0.8494793104581702 -0.7854934570865351,0.8494793104581702 -0.9288694383924775))	0
23	9	POLYGON((0.9735434098097601 -0.9288694383924775,1.0976075091613502 -0.9288694383924775,1.0976075091613502 -0.7854934570865351,0.9735434098097601 -0.7854934570865351,0.9735434098097601 -0.9288694383924775))	0
24	9	POLYGON((1.0976075091613502 -0.9288694383924775,1.2216716085129402 -0.9288694383924775,1.2216716085129402 -0.7854934570865351,1.0976075091613502 -0.7854934570865351,1.0976075091613502 -0.9288694383924775))	0
25	9	POLYGON((1.2216716085129402 -0.9288694383924775,1.34573570786453 -0.9288694383924775,1.34573570786453 -0.7854934570865351,1.2216716085129402 -0.7854934570865351,1.2216716085129402 -0.9288694383924775))	0
26	9	POLYGON((1.34573570786453 -0.9288694383924775,1.46979980721612 -0.9288694383924775,1.46979980721612 -0.7854934570865351,1.34573570786453 -0.7854934570865351,1.34573570786453 -0.9288694383924775))	0
27	9	POLYGON((1.46979980721612 -0.9288694383924775,1.59386390656771 -0.9288694383924775,1.59386390656771 -0.7854934570865351,1.46979980721612 -0.7854934570865351,1.46979980721612 -0.9288694383924775))	0
28	9	POLYGON((1.59386390656771 -0.9288694383924775,1.7179280059193 -0.9288694383924775,1.7179280059193 -0.7854934570865351,1.59386390656771 -0.7854934570865351,1.59386390656771 -0.9288694383924775))	0
29	9	POLYGON((1.7179280059193 -0.9288694383924775,1.84199210527089 -0.9288694383924775,1.84199210527089 -0.7854934570865351,1.7179280059193 -0.7854934570865351,1.7179280059193 -0.9288694383924775))	0
30	9	POLYGON((1.84199210527089 -0.9288694383924775,1.9660562046224799 -0.9288694383924775,1.9660562046224799 -0.7854934570865351,1.84199210527089 -0.7854934570865351,1.84199210527089 -0.9288694383924775))	0
31	9	POLYGON((1.9660562046224799 -0.9288694383924775,2.09012030397407 -0.9288694383924775,2.09012030397407 -0.7854934570865351,1.9660562046224799 -0.7854934570865351,1.9660562046224799 -0.9288694383924775))	0
0	10	POLYGON((-1.87993087527681 -0.7854934570865351,-1.75586677592522 -0.7854934570865351,-1.75586677592522 -0.6421174757805925,-1.87993087527681 -0.6421174757805925,-1.87993087527681 -0.7854934570865351))	0
1	10	POLYGON((-1.75586677592522 -0.7854934570865351,-1.63180267657363 -0.7854934570865351,-1.63180267657363 -0.6421174757805925,-1.75586677592522 -0.6421174757805925,-1.75586677592522 -0.7854934570865351))	0
2	10	POLYGON((-1.63180267657363 -0.7854934570865351,-1.50773857722204 -0.7854934570865351,-1.50773857722204 -0.6421174757805925,-1.63180267657363 -0.6421174757805925,-1.63180267657363 -0.7854934570865351))	0
3	10	POLYGON((-1.50773857722204 -0.7854934570865351,-1.3836744778704502 -0.7854934570865351,-1.3836744778704502 -0.6421174757805925,-1.50773857722204 -0.6421174757805925,-1.50773857722204 -0.7854934570865351))	0
4	10	POLYGON((-1.3836744778704502 -0.7854934570865351,-1.2596103785188602 -0.7854934570865351,-1.2596103785188602 -0.6421174757805925,-1.3836744778704502 -0.6421174757805925,-1.3836744778704502 -0.7854934570865351))	0
5	10	POLYGON((-1.2596103785188602 -0.7854934570865351,-1.13554627916727 -0.7854934570865351,-1.13554627916727 -0.6421174757805925,-1.2596103785188602 -0.6421174757805925,-1.2596103785188602 -0.7854934570865351))	0
6	10	POLYGON((-1.13554627916727 -0.7854934570865351,-1.0114821798156801 -0.7854934570865351,-1.0114821798156801 -0.6421174757805925,-1.13554627916727 -0.6421174757805925,-1.13554627916727 -0.7854934570865351))	0
7	10	POLYGON((-1.0114821798156801 -0.7854934570865351,-0.88741808046409 -0.7854934570865351,-0.88741808046409 -0.6421174757805925,-1.0114821798156801 -0.6421174757805925,-1.0114821798156801 -0.7854934570865351))	0
8	10	POLYGON((-0.88741808046409 -0.7854934570865351,-0.7633539811124999 -0.7854934570865351,-0.7633539811124999 -0.6421174757805925,-0.88741808046409 -0.6421174757805925,-0.88741808046409 -0.7854934570865351))	0
9	10	POLYGON((-0.7633539811124999 -0.7854934570865351,-0.6392898817609101 -0.7854934570865351,-0.6392898817609101 -0.6421174757805925,-0.7633539811124999 -0.6421174757805925,-0.7633539811124999 -0.7854934570865351))	0
10	10	POLYGON((-0.6392898817609101 -0.7854934570865351,-0.5152257824093199 -0.7854934570865351,-0.5152257824093199 -0.6421174757805925,-0.6392898817609101 -0.6421174757805925,-0.6392898817609101 -0.7854934570865351))	0
11	10	POLYGON((-0.5152257824093199 -0.7854934570865351,-0.3911616830577298 -0.7854934570865351,-0.3911616830577298 -0.6421174757805925,-0.5152257824093199 -0.6421174757805925,-0.5152257824093199 -0.7854934570865351))	0
12	10	POLYGON((-0.3911616830577298 -0.7854934570865351,-0.26709758370614 -0.7854934570865351,-0.26709758370614 -0.6421174757805925,-0.3911616830577298 -0.6421174757805925,-0.3911616830577298 -0.7854934570865351))	0
13	10	POLYGON((-0.26709758370614 -0.7854934570865351,-0.14303348435454988 -0.7854934570865351,-0.14303348435454988 -0.6421174757805925,-0.26709758370614 -0.6421174757805925,-0.26709758370614 -0.7854934570865351))	0
14	10	POLYGON((-0.14303348435454988 -0.7854934570865351,-0.01896938500295997 -0.7854934570865351,-0.01896938500295997 -0.6421174757805925,-0.14303348435454988 -0.6421174757805925,-0.14303348435454988 -0.7854934570865351))	0
15	10	POLYGON((-0.01896938500295997 -0.7854934570865351,0.10509471434863005 -0.7854934570865351,0.10509471434863005 -0.6421174757805925,-0.01896938500295997 -0.6421174757805925,-0.01896938500295997 -0.7854934570865351))	0
16	10	POLYGON((0.10509471434863005 -0.7854934570865351,0.22915881370021995 -0.7854934570865351,0.22915881370021995 -0.6421174757805925,0.10509471434863005 -0.6421174757805925,0.10509471434863005 -0.7854934570865351))	0
17	10	POLYGON((0.22915881370021995 -0.7854934570865351,0.3532229130518101 -0.7854934570865351,0.3532229130518101 -0.6421174757805925,0.22915881370021995 -0.6421174757805925,0.22915881370021995 -0.7854934570865351))	0
18	10	POLYGON((0.3532229130518101 -0.7854934570865351,0.4772870124034001 -0.7854934570865351,0.4772870124034001 -0.6421174757805925,0.3532229130518101 -0.6421174757805925,0.3532229130518101 -0.7854934570865351))	0
19	10	POLYGON((0.4772870124034001 -0.7854934570865351,0.60135111175499 -0.7854934570865351,0.60135111175499 -0.6421174757805925,0.4772870124034001 -0.6421174757805925,0.4772870124034001 -0.7854934570865351))	0
20	10	POLYGON((0.60135111175499 -0.7854934570865351,0.7254152111065801 -0.7854934570865351,0.7254152111065801 -0.6421174757805925,0.60135111175499 -0.6421174757805925,0.60135111175499 -0.7854934570865351))	0
21	10	POLYGON((0.7254152111065801 -0.7854934570865351,0.8494793104581702 -0.7854934570865351,0.8494793104581702 -0.6421174757805925,0.7254152111065801 -0.6421174757805925,0.7254152111065801 -0.7854934570865351))	0
22	10	POLYGON((0.8494793104581702 -0.7854934570865351,0.9735434098097601 -0.7854934570865351,0.9735434098097601 -0.6421174757805925,0.8494793104581702 -0.6421174757805925,0.8494793104581702 -0.7854934570865351))	0
23	10	POLYGON((0.9735434098097601 -0.7854934570865351,1.0976075091613502 -0.7854934570865351,1.0976075091613502 -0.6421174757805925,0.9735434098097601 -0.6421174757805925,0.9735434098097601 -0.7854934570865351))	0
24	10	POLYGON((1.0976075091613502 -0.7854934570865351,1.2216716085129402 -0.7854934570865351,1.2216716085129402 -0.6421174757805925,1.0976075091613502 -0.6421174757805925,1.0976075091613502 -0.7854934570865351))	0
25	10	POLYGON((1.2216716085129402 -0.7854934570865351,1.34573570786453 -0.7854934570865351,1.34573570786453 -0.6421174757805925,1.2216716085129402 -0.6421174757805925,1.2216716085129402 -0.7854934570865351))	0
26	10	POLYGON((1.34573570786453 -0.7854934570865351,1.46979980721612 -0.7854934570865351,1.46979980721612 -0.6421174757805925,1.34573570786453 -0.6421174757805925,1.34573570786453 -0.7854934570865351))	0
27	10	POLYGON((1.46979980721612 -0.7854934570865351,1.59386390656771 -0.7854934570865351,1.59386390656771 -0.6421174757805925,1.46979980721612 -0.6421174757805925,1.46979980721612 -0.7854934570865351))	0
28	10	POLYGON((1.59386390656771 -0.7854934570865351,1.7179280059193 -0.7854934570865351,1.7179280059193 -0.6421174757805925,1.59386390656771 -0.6421174757805925,1.59386390656771 -0.7854934570865351))	0
29	10	POLYGON((1.7179280059193 -0.7854934570865351,1.84199210527089 -0.7854934570865351,1.84199210527089 -0.6421174757805925,1.7179280059193 -0.6421174757805925,1.7179280059193 -0.7854934570865351))	0
30	10	POLYGON((1.84199210527089 -0.7854934570865351,1.9660562046224799 -0.7854934570865351,1.9660562046224799 -0.6421174757805925,1.84199210527089 -0.6421174757805925,1.84199210527089 -0.7854934570865351))	0
31	10	POLYGON((1.9660562046224799 -0.7854934570865351,2.09012030397407 -0.7854934570865351,2.09012030397407 -0.6421174757805925,1.9660562046224799 -0.6421174757805925,1.9660562046224799 -0.7854934570865351))	0
0	11	POLYGON((-1.87993087527681 -0.6421174757805925,-1.75586677592522 -0.6421174757805925,-1.75586677592522 -0.49874149447465,-1.87993087527681 -0.49874149447465,-1.87993087527681 -0.6421174757805925))	0
1	11	POLYGON((-1.75586677592522 -0.6421174757805925,-1.63180267657363 -0.6421174757805925,-1.63180267657363 -0.49874149447465,-1.75586677592522 -0.49874149447465,-1.75586677592522 -0.6421174757805925))	0
2	11	POLYGON((-1.63180267657363 -0.6421174757805925,-1.50773857722204 -0.6421174757805925,-1.50773857722204 -0.49874149447465,-1.63180267657363 -0.49874149447465,-1.63180267657363 -0.6421174757805925))	0
3	11	POLYGON((-1.50773857722204 -0.6421174757805925,-1.3836744778704502 -0.6421174757805925,-1.3836744778704502 -0.49874149447465,-1.50773857722204 -0.49874149447465,-1.50773857722204 -0.6421174757805925))	0
4	11	POLYGON((-1.3836744778704502 -0.6421174757805925,-1.2596103785188602 -0.6421174757805925,-1.2596103785188602 -0.49874149447465,-1.3836744778704502 -0.49874149447465,-1.3836744778704502 -0.6421174757805925))	0
5	11	POLYGON((-1.2596103785188602 -0.6421174757805925,-1.13554627916727 -0.6421174757805925,-1.13554627916727 -0.49874149447465,-1.2596103785188602 -0.49874149447465,-1.2596103785188602 -0.6421174757805925))	0
6	11	POLYGON((-1.13554627916727 -0.6421174757805925,-1.0114821798156801 -0.6421174757805925,-1.0114821798156801 -0.49874149447465,-1.13554627916727 -0.49874149447465,-1.13554627916727 -0.6421174757805925))	0
7	11	POLYGON((-1.0114821798156801 -0.6421174757805925,-0.88741808046409 -0.6421174757805925,-0.88741808046409 -0.49874149447465,-1.0114821798156801 -0.49874149447465,-1.0114821798156801 -0.6421174757805925))	0
8	11	POLYGON((-0.88741808046409 -0.6421174757805925,-0.7633539811124999 -0.6421174757805925,-0.7633539811124999 -0.49874149447465,-0.88741808046409 -0.49874149447465,-0.88741808046409 -0.6421174757805925))	0
9	11	POLYGON((-0.7633539811124999 -0.6421174757805925,-0.6392898817609101 -0.6421174757805925,-0.6392898817609101 -0.49874149447465,-0.7633539811124999 -0.49874149447465,-0.7633539811124999 -0.6421174757805925))	0
10	11	POLYGON((-0.6392898817609101 -0.6421174757805925,-0.5152257824093199 -0.6421174757805925,-0.5152257824093199 -0.49874149447465,-0.6392898817609101 -0.49874149447465,-0.6392898817609101 -0.6421174757805925))	0
11	11	POLYGON((-0.5152257824093199 -0.6421174757805925,-0.3911616830577298 -0.6421174757805925,-0.3911616830577298 -0.49874149447465,-0.5152257824093199 -0.49874149447465,-0.5152257824093199 -0.6421174757805925))	0
12	11	POLYGON((-0.3911616830577298 -0.6421174757805925,-0.26709758370614 -0.6421174757805925,-0.26709758370614 -0.49874149447465,-0.3911616830577298 -0.49874149447465,-0.3911616830577298 -0.6421174757805925))	0
13	11	POLYGON((-0.26709758370614 -0.6421174757805925,-0.14303348435454988 -0.6421174757805925,-0.14303348435454988 -0.49874149447465,-0.26709758370614 -0.49874149447465,-0.26709758370614 -0.6421174757805925))	0
14	11	POLYGON((-0.14303348435454988 -0.6421174757805925,-0.01896938500295997 -0.6421174757805925,-0.01896938500295997 -0.49874149447465,-0.14303348435454988 -0.49874149447465,-0.14303348435454988 -0.6421174757805925))	0
15	11	POLYGON((-0.01896938500295997 -0.6421174757805925,0.10509471434863005 -0.6421174757805925,0.10509471434863005 -0.49874149447465,-0.01896938500295997 -0.49874149447465,-0.01896938500295997 -0.6421174757805925))	0
16	11	POLYGON((0.10509471434863005 -0.6421174757805925,0.22915881370021995 -0.6421174757805925,0.22915881370021995 -0.49874149447465,0.10509471434863005 -0.49874149447465,0.10509471434863005 -0.6421174757805925))	0
17	11	POLYGON((0.22915881370021995 -0.6421174757805925,0.3532229130518101 -0.6421174757805925,0.3532229130518101 -0.49874149447465,0.22915881370021995 -0.49874149447465,0.22915881370021995 -0.6421174757805925))	0
18	11	POLYGON((0.3532229130518101 -0.6421174757805925,0.4772870124034001 -0.6421174757805925,0.4772870124034001 -0.49874149447465,0.3532229130518101 -0.49874149447465,0.3532229130518101 -0.6421174757805925))	0
19	11	POLYGON((0.4772870124034001 -0.6421174757805925,0.60135111175499 -0.6421174757805925,0.60135111175499 -0.49874149447465,0.4772870124034001 -0.49874149447465,0.4772870124034001 -0.6421174757805925))	0
20	11	POLYGON((0.60135111175499 -0.6421174757805925,0.7254152111065801 -0.6421174757805925,0.7254152111065801 -0.49874149447465,0.60135111175499 -0.49874149447465,0.60135111175499 -0.6421174757805925))	0
21	11	POLYGON((0.7254152111065801 -0.6421174757805925,0.8494793104581702 -0.6421174757805925,0.8494793104581702 -0.49874149447465,0.7254152111065801 -0.49874149447465,0.7254152111065801 -0.6421174757805925))	0
22	11	POLYGON((0.8494793104581702 -0.6421174757805925,0.9735434098097601 -0.6421174757805925,0.9735434098097601 -0.49874149447465,0.8494793104581702 -0.49874149447465,0.8494793104581702 -0.6421174757805925))	0
23	11	POLYGON((0.9735434098097601 -0.6421174757805925,1.0976075091613502 -0.6421174757805925,1.0976075091613502 -0.49874149447465,0.9735434098097601 -0.49874149447465,0.9735434098097601 -0.6421174757805925))	0
24	11	POLYGON((1.0976075091613502 -0.6421174757805925,1.2216716085129402 -0.6421174757805925,1.2216716085129402 -0.49874149447465,1.0976075091613502 -0.49874149447465,1.0976075091613502 -0.6421174757805925))	0
25	11	POLYGON((1.2216716085129402 -0.6421174757805925,1.34573570786453 -0.6421174757805925,1.34573570786453 -0.49874149447465,1.2216716085129402 -0.49874149447465,1.2216716085129402 -0.6421174757805925))	0
26	11	POLYGON((1.34573570786453 -0.6421174757805925,1.46979980721612 -0.6421174757805925,1.46979980721612 -0.49874149447465,1.34573570786453 -0.49874149447465,1.34573570786453 -0.6421174757805925))	0
27	11	POLYGON((1.46979980721612 -0.6421174757805925,1.59386390656771 -0.6421174757805925,1.59386390656771 -0.49874149447465,1.46979980721612 -0.49874149447465,1.46979980721612 -0.6421174757805925))	0
28	11	POLYGON((1.59386390656771 -0.6421174757805925,1.7179280059193 -0.6421174757805925,1.7179280059193 -0.49874149447465,1.59386390656771 -0.49874149447465,1.59386390656771 -0.6421174757805925))	0
29	11	POLYGON((1.7179280059193 -0.6421174757805925,1.84199210527089 -0.6421174757805925,1.84199210527089 -0.49874149447465,1.7179280059193 -0.49874149447465,1.7179280059193 -0.6421174757805925))	0
30	11	POLYGON((1.84199210527089 -0.6421174757805925,1.9660562046224799 -0.6421174757805925,1.9660562046224799 -0.49874149447465,1.84199210527089 -0.49874149447465,1.84199210527089 -0.6421174757805925))	0
31	11	POLYGON((1.9660562046224799 -0.6421174757805925,2.09012030397407 -0.6421174757805925,2.09012030397407 -0.49874149447465,1.9660562046224799 -0.49874149447465,1.9660562046224799 -0.6421174757805925))	0
0	12	POLYGON((-1.87993087527681 -0.49874149447465,-1.75586677592522 -0.49874149447465,-1.75586677592522 -0.35536551316870757,-1.87993087527681 -0.35536551316870757,-1.87993087527681 -0.49874149447465))	0
1	12	POLYGON((-1.75586677592522 -0.49874149447465,-1.63180267657363 -0.49874149447465,-1.63180267657363 -0.35536551316870757,-1.75586677592522 -0.35536551316870757,-1.75586677592522 -0.49874149447465))	0
2	12	POLYGON((-1.63180267657363 -0.49874149447465,-1.50773857722204 -0.49874149447465,-1.50773857722204 -0.35536551316870757,-1.63180267657363 -0.35536551316870757,-1.63180267657363 -0.49874149447465))	0
3	12	POLYGON((-1.50773857722204 -0.49874149447465,-1.3836744778704502 -0.49874149447465,-1.3836744778704502 -0.35536551316870757,-1.50773857722204 -0.35536551316870757,-1.50773857722204 -0.49874149447465))	0
4	12	POLYGON((-1.3836744778704502 -0.49874149447465,-1.2596103785188602 -0.49874149447465,-1.2596103785188602 -0.35536551316870757,-1.3836744778704502 -0.35536551316870757,-1.3836744778704502 -0.49874149447465))	0
5	12	POLYGON((-1.2596103785188602 -0.49874149447465,-1.13554627916727 -0.49874149447465,-1.13554627916727 -0.35536551316870757,-1.2596103785188602 -0.35536551316870757,-1.2596103785188602 -0.49874149447465))	0
6	12	POLYGON((-1.13554627916727 -0.49874149447465,-1.0114821798156801 -0.49874149447465,-1.0114821798156801 -0.35536551316870757,-1.13554627916727 -0.35536551316870757,-1.13554627916727 -0.49874149447465))	0
7	12	POLYGON((-1.0114821798156801 -0.49874149447465,-0.88741808046409 -0.49874149447465,-0.88741808046409 -0.35536551316870757,-1.0114821798156801 -0.35536551316870757,-1.0114821798156801 -0.49874149447465))	0
8	12	POLYGON((-0.88741808046409 -0.49874149447465,-0.7633539811124999 -0.49874149447465,-0.7633539811124999 -0.35536551316870757,-0.88741808046409 -0.35536551316870757,-0.88741808046409 -0.49874149447465))	0
9	12	POLYGON((-0.7633539811124999 -0.49874149447465,-0.6392898817609101 -0.49874149447465,-0.6392898817609101 -0.35536551316870757,-0.7633539811124999 -0.35536551316870757,-0.7633539811124999 -0.49874149447465))	0
10	12	POLYGON((-0.6392898817609101 -0.49874149447465,-0.5152257824093199 -0.49874149447465,-0.5152257824093199 -0.35536551316870757,-0.6392898817609101 -0.35536551316870757,-0.6392898817609101 -0.49874149447465))	0
11	12	POLYGON((-0.5152257824093199 -0.49874149447465,-0.3911616830577298 -0.49874149447465,-0.3911616830577298 -0.35536551316870757,-0.5152257824093199 -0.35536551316870757,-0.5152257824093199 -0.49874149447465))	0
12	12	POLYGON((-0.3911616830577298 -0.49874149447465,-0.26709758370614 -0.49874149447465,-0.26709758370614 -0.35536551316870757,-0.3911616830577298 -0.35536551316870757,-0.3911616830577298 -0.49874149447465))	0
13	12	POLYGON((-0.26709758370614 -0.49874149447465,-0.14303348435454988 -0.49874149447465,-0.14303348435454988 -0.35536551316870757,-0.26709758370614 -0.35536551316870757,-0.26709758370614 -0.49874149447465))	0
14	12	POLYGON((-0.14303348435454988 -0.49874149447465,-0.01896938500295997 -0.49874149447465,-0.01896938500295997 -0.35536551316870757,-0.14303348435454988 -0.35536551316870757,-0.14303348435454988 -0.49874149447465))	0
15	12	POLYGON((-0.01896938500295997 -0.49874149447465,0.10509471434863005 -0.49874149447465,0.10509471434863005 -0.35536551316870757,-0.01896938500295997 -0.35536551316870757,-0.01896938500295997 -0.49874149447465))	0
16	12	POLYGON((0.10509471434863005 -0.49874149447465,0.22915881370021995 -0.49874149447465,0.22915881370021995 -0.35536551316870757,0.10509471434863005 -0.35536551316870757,0.10509471434863005 -0.49874149447465))	0
17	12	POLYGON((0.22915881370021995 -0.49874149447465,0.3532229130518101 -0.49874149447465,0.3532229130518101 -0.35536551316870757,0.22915881370021995 -0.35536551316870757,0.22915881370021995 -0.49874149447465))	0
18	12	POLYGON((0.3532229130518101 -0.49874149447465,0.4772870124034001 -0.49874149447465,0.4772870124034001 -0.35536551316870757,0.3532229130518101 -0.35536551316870757,0.3532229130518101 -0.49874149447465))	0
19	12	POLYGON((0.4772870124034001 -0.49874149447465,0.60135111175499 -0.49874149447465,0.60135111175499 -0.35536551316870757,0.4772870124034001 -0.35536551316870757,0.4772870124034001 -0.49874149447465))	0
20	12	POLYGON((0.60135111175499 -0.49874149447465,0.7254152111065801 -0.49874149447465,0.7254152111065801 -0.35536551316870757,0.60135111175499 -0.35536551316870757,0.60135111175499 -0.49874149447465))	0
21	12	POLYGON((0.7254152111065801 -0.49874149447465,0.8494793104581702 -0.49874149447465,0.8494793104581702 -0.35536551316870757,0.7254152111065801 -0.35536551316870757,0.7254152111065801 -0.49874149447465))	0
22	12	POLYGON((0.8494793104581702 -0.49874149447465,0.9735434098097601 -0.49874149447465,0.9735434098097601 -0.35536551316870757,0.8494793104581702 -0.35536551316870757,0.8494793104581702 -0.49874149447465))	0
23	12	POLYGON((0.9735434098097601 -0.49874149447465,1.0976075091613502 -0.49874149447465,1.0976075091613502 -0.35536551316870757,0.9735434098097601 -0.35536551316870757,0.9735434098097601 -0.49874149447465))	0
24	12	POLYGON((1.0976075091613502 -0.49874149447465,1.2216716085129402 -0.49874149447465,1.2216716085129402 -0.35536551316870757,1.0976075091613502 -0.35536551316870757,1.0976075091613502 -0.49874149447465))	0
25	12	POLYGON((1.2216716085129402 -0.49874149447465,1.34573570786453 -0.49874149447465,1.34573570786453 -0.35536551316870757,1.2216716085129402 -0.35536551316870757,1.2216716085129402 -0.49874149447465))	0
26	12	POLYGON((1.34573570786453 -0.49874149447465,1.46979980721612 -0.49874149447465,1.46979980721612 -0.35536551316870757,1.34573570786453 -0.35536551316870757,1.34573570786453 -0.49874149447465))	0
27	12	POLYGON((1.46979980721612 -0.49874149447465,1.59386390656771 -0.49874149447465,1.59386390656771 -0.35536551316870757,1.46979980721612 -0.35536551316870757,1.46979980721612 -0.49874149447465))	0
28	12	POLYGON((1.59386390656771 -0.49874149447465,1.7179280059193 -0.49874149447465,1.7179280059193 -0.35536551316870757,1.59386390656771 -0.35536551316870757,1.59386390656771 -0.49874149447465))	0
29	12	POLYGON((1.7179280059193 -0.49874149447465,1.84199210527089 -0.49874149447465,1.84199210527089 -0.35536551316870757,1.7179280059193 -0.35536551316870757,1.7179280059193 -0.49874149447465))	0
30	12	POLYGON((1.84199210527089 -0.49874149447465,1.9660562046224799 -0.49874149447465,1.9660562046224799 -0.35536551316870757,1.84199210527089 -0.35536551316870757,1.84199210527089 -0.49874149447465))	0
31	12	POLYGON((1.9660562046224799 -0.49874149447465,2.09012030397407 -0.49874149447465,2.09012030397407 -0.35536551316870757,1.9660562046224799 -0.35536551316870757,1.9660562046224799 -0.49874149447465))	0
0	13	POLYGON((-1.87993087527681 -0.35536551316870757,-1.75586677592522 -0.35536551316870757,-1.75586677592522 -0.21198953186276492,-1.87993087527681 -0.21198953186276492,-1.87993087527681 -0.35536551316870757))	0
1	13	POLYGON((-1.75586677592522 -0.35536551316870757,-1.63180267657363 -0.35536551316870757,-1.63180267657363 -0.21198953186276492,-1.75586677592522 -0.21198953186276492,-1.75586677592522 -0.35536551316870757))	0
2	13	POLYGON((-1.63180267657363 -0.35536551316870757,-1.50773857722204 -0.35536551316870757,-1.50773857722204 -0.21198953186276492,-1.63180267657363 -0.21198953186276492,-1.63180267657363 -0.35536551316870757))	0
3	13	POLYGON((-1.50773857722204 -0.35536551316870757,-1.3836744778704502 -0.35536551316870757,-1.3836744778704502 -0.21198953186276492,-1.50773857722204 -0.21198953186276492,-1.50773857722204 -0.35536551316870757))	0
4	13	POLYGON((-1.3836744778704502 -0.35536551316870757,-1.2596103785188602 -0.35536551316870757,-1.2596103785188602 -0.21198953186276492,-1.3836744778704502 -0.21198953186276492,-1.3836744778704502 -0.35536551316870757))	0
5	13	POLYGON((-1.2596103785188602 -0.35536551316870757,-1.13554627916727 -0.35536551316870757,-1.13554627916727 -0.21198953186276492,-1.2596103785188602 -0.21198953186276492,-1.2596103785188602 -0.35536551316870757))	0
6	13	POLYGON((-1.13554627916727 -0.35536551316870757,-1.0114821798156801 -0.35536551316870757,-1.0114821798156801 -0.21198953186276492,-1.13554627916727 -0.21198953186276492,-1.13554627916727 -0.35536551316870757))	0
7	13	POLYGON((-1.0114821798156801 -0.35536551316870757,-0.88741808046409 -0.35536551316870757,-0.88741808046409 -0.21198953186276492,-1.0114821798156801 -0.21198953186276492,-1.0114821798156801 -0.35536551316870757))	0
8	13	POLYGON((-0.88741808046409 -0.35536551316870757,-0.7633539811124999 -0.35536551316870757,-0.7633539811124999 -0.21198953186276492,-0.88741808046409 -0.21198953186276492,-0.88741808046409 -0.35536551316870757))	0
9	13	POLYGON((-0.7633539811124999 -0.35536551316870757,-0.6392898817609101 -0.35536551316870757,-0.6392898817609101 -0.21198953186276492,-0.7633539811124999 -0.21198953186276492,-0.7633539811124999 -0.35536551316870757))	0
10	13	POLYGON((-0.6392898817609101 -0.35536551316870757,-0.5152257824093199 -0.35536551316870757,-0.5152257824093199 -0.21198953186276492,-0.6392898817609101 -0.21198953186276492,-0.6392898817609101 -0.35536551316870757))	0
11	13	POLYGON((-0.5152257824093199 -0.35536551316870757,-0.3911616830577298 -0.35536551316870757,-0.3911616830577298 -0.21198953186276492,-0.5152257824093199 -0.21198953186276492,-0.5152257824093199 -0.35536551316870757))	0
12	13	POLYGON((-0.3911616830577298 -0.35536551316870757,-0.26709758370614 -0.35536551316870757,-0.26709758370614 -0.21198953186276492,-0.3911616830577298 -0.21198953186276492,-0.3911616830577298 -0.35536551316870757))	0
13	13	POLYGON((-0.26709758370614 -0.35536551316870757,-0.14303348435454988 -0.35536551316870757,-0.14303348435454988 -0.21198953186276492,-0.26709758370614 -0.21198953186276492,-0.26709758370614 -0.35536551316870757))	0
14	13	POLYGON((-0.14303348435454988 -0.35536551316870757,-0.01896938500295997 -0.35536551316870757,-0.01896938500295997 -0.21198953186276492,-0.14303348435454988 -0.21198953186276492,-0.14303348435454988 -0.35536551316870757))	0
15	13	POLYGON((-0.01896938500295997 -0.35536551316870757,0.10509471434863005 -0.35536551316870757,0.10509471434863005 -0.21198953186276492,-0.01896938500295997 -0.21198953186276492,-0.01896938500295997 -0.35536551316870757))	0
16	13	POLYGON((0.10509471434863005 -0.35536551316870757,0.22915881370021995 -0.35536551316870757,0.22915881370021995 -0.21198953186276492,0.10509471434863005 -0.21198953186276492,0.10509471434863005 -0.35536551316870757))	0
17	13	POLYGON((0.22915881370021995 -0.35536551316870757,0.3532229130518101 -0.35536551316870757,0.3532229130518101 -0.21198953186276492,0.22915881370021995 -0.21198953186276492,0.22915881370021995 -0.35536551316870757))	0
18	13	POLYGON((0.3532229130518101 -0.35536551316870757,0.4772870124034001 -0.35536551316870757,0.4772870124034001 -0.21198953186276492,0.3532229130518101 -0.21198953186276492,0.3532229130518101 -0.35536551316870757))	0
19	13	POLYGON((0.4772870124034001 -0.35536551316870757,0.60135111175499 -0.35536551316870757,0.60135111175499 -0.21198953186276492,0.4772870124034001 -0.21198953186276492,0.4772870124034001 -0.35536551316870757))	0
20	13	POLYGON((0.60135111175499 -0.35536551316870757,0.7254152111065801 -0.35536551316870757,0.7254152111065801 -0.21198953186276492,0.60135111175499 -0.21198953186276492,0.60135111175499 -0.35536551316870757))	0
21	13	POLYGON((0.7254152111065801 -0.35536551316870757,0.8494793104581702 -0.35536551316870757,0.8494793104581702 -0.21198953186276492,0.7254152111065801 -0.21198953186276492,0.7254152111065801 -0.35536551316870757))	0
22	13	POLYGON((0.8494793104581702 -0.35536551316870757,0.9735434098097601 -0.35536551316870757,0.9735434098097601 -0.21198953186276492,0.8494793104581702 -0.21198953186276492,0.8494793104581702 -0.35536551316870757))	0
23	13	POLYGON((0.9735434098097601 -0.35536551316870757,1.0976075091613502 -0.35536551316870757,1.0976075091613502 -0.21198953186276492,0.9735434098097601 -0.21198953186276492,0.9735434098097601 -0.35536551316870757))	0
24	13	POLYGON((1.0976075091613502 -0.35536551316870757,1.2216716085129402 -0.35536551316870757,1.2216716085129402 -0.21198953186276492,1.0976075091613502 -0.21198953186276492,1.0976075091613502 -0.35536551316870757))	0
25	13	POLYGON((1.2216716085129402 -0.35536551316870757,1.34573570786453 -0.35536551316870757,1.34573570786453 -0.21198953186276492,1.2216716085129402 -0.21198953186276492,1.2216716085129402 -0.35536551316870757))	0
26	13	POLYGON((1.34573570786453 -0.35536551316870757,1.46979980721612 -0.35536551316870757,1.46979980721612 -0.21198953186276492,1.34573570786453 -0.21198953186276492,1.34573570786453 -0.35536551316870757))	0
27	13	POLYGON((1.46979980721612 -0.35536551316870757,1.59386390656771 -0.35536551316870757,1.59386390656771 -0.21198953186276492,1.46979980721612 -0.21198953186276492,1.46979980721612 -0.35536551316870757))	0
28	13	POLYGON((1.59386390656771 -0.35536551316870757,1.7179280059193 -0.35536551316870757,1.7179280059193 -0.21198953186276492,1.59386390656771 -0.21198953186276492,1.59386390656771 -0.35536551316870757))	0
29	13	POLYGON((1.7179280059193 -0.35536551316870757,1.84199210527089 -0.35536551316870757,1.84199210527089 -0.21198953186276492,1.7179280059193 -0.21198953186276492,1.7179280059193 -0.35536551316870757))	0
30	13	POLYGON((1.84199210527089 -0.35536551316870757,1.9660562046224799 -0.35536551316870757,1.9660562046224799 -0.21198953186276492,1.84199210527089 -0.21198953186276492,1.84199210527089 -0.35536551316870757))	0
31	13	POLYGON((1.9660562046224799 -0.35536551316870757,2.09012030397407 -0.35536551316870757,2.09012030397407 -0.21198953186276492,1.9660562046224799 -0.21198953186276492,1.9660562046224799 -0.35536551316870757))	0
0	14	POLYGON((-1.87993087527681 -0.21198953186276492,-1.75586677592522 -0.21198953186276492,-1.75586677592522 -0.06861355055682261,-1.87993087527681 -0.06861355055682261,-1.87993087527681 -0.21198953186276492))	0
1	14	POLYGON((-1.75586677592522 -0.21198953186276492,-1.63180267657363 -0.21198953186276492,-1.63180267657363 -0.06861355055682261,-1.75586677592522 -0.06861355055682261,-1.75586677592522 -0.21198953186276492))	0
2	14	POLYGON((-1.63180267657363 -0.21198953186276492,-1.50773857722204 -0.21198953186276492,-1.50773857722204 -0.06861355055682261,-1.63180267657363 -0.06861355055682261,-1.63180267657363 -0.21198953186276492))	0
3	14	POLYGON((-1.50773857722204 -0.21198953186276492,-1.3836744778704502 -0.21198953186276492,-1.3836744778704502 -0.06861355055682261,-1.50773857722204 -0.06861355055682261,-1.50773857722204 -0.21198953186276492))	0
4	14	POLYGON((-1.3836744778704502 -0.21198953186276492,-1.2596103785188602 -0.21198953186276492,-1.2596103785188602 -0.06861355055682261,-1.3836744778704502 -0.06861355055682261,-1.3836744778704502 -0.21198953186276492))	0
5	14	POLYGON((-1.2596103785188602 -0.21198953186276492,-1.13554627916727 -0.21198953186276492,-1.13554627916727 -0.06861355055682261,-1.2596103785188602 -0.06861355055682261,-1.2596103785188602 -0.21198953186276492))	0
6	14	POLYGON((-1.13554627916727 -0.21198953186276492,-1.0114821798156801 -0.21198953186276492,-1.0114821798156801 -0.06861355055682261,-1.13554627916727 -0.06861355055682261,-1.13554627916727 -0.21198953186276492))	0
7	14	POLYGON((-1.0114821798156801 -0.21198953186276492,-0.88741808046409 -0.21198953186276492,-0.88741808046409 -0.06861355055682261,-1.0114821798156801 -0.06861355055682261,-1.0114821798156801 -0.21198953186276492))	0
8	14	POLYGON((-0.88741808046409 -0.21198953186276492,-0.7633539811124999 -0.21198953186276492,-0.7633539811124999 -0.06861355055682261,-0.88741808046409 -0.06861355055682261,-0.88741808046409 -0.21198953186276492))	0
9	14	POLYGON((-0.7633539811124999 -0.21198953186276492,-0.6392898817609101 -0.21198953186276492,-0.6392898817609101 -0.06861355055682261,-0.7633539811124999 -0.06861355055682261,-0.7633539811124999 -0.21198953186276492))	0
10	14	POLYGON((-0.6392898817609101 -0.21198953186276492,-0.5152257824093199 -0.21198953186276492,-0.5152257824093199 -0.06861355055682261,-0.6392898817609101 -0.06861355055682261,-0.6392898817609101 -0.21198953186276492))	0
11	14	POLYGON((-0.5152257824093199 -0.21198953186276492,-0.3911616830577298 -0.21198953186276492,-0.3911616830577298 -0.06861355055682261,-0.5152257824093199 -0.06861355055682261,-0.5152257824093199 -0.21198953186276492))	0
12	14	POLYGON((-0.3911616830577298 -0.21198953186276492,-0.26709758370614 -0.21198953186276492,-0.26709758370614 -0.06861355055682261,-0.3911616830577298 -0.06861355055682261,-0.3911616830577298 -0.21198953186276492))	0
13	14	POLYGON((-0.26709758370614 -0.21198953186276492,-0.14303348435454988 -0.21198953186276492,-0.14303348435454988 -0.06861355055682261,-0.26709758370614 -0.06861355055682261,-0.26709758370614 -0.21198953186276492))	0
14	14	POLYGON((-0.14303348435454988 -0.21198953186276492,-0.01896938500295997 -0.21198953186276492,-0.01896938500295997 -0.06861355055682261,-0.14303348435454988 -0.06861355055682261,-0.14303348435454988 -0.21198953186276492))	0
15	14	POLYGON((-0.01896938500295997 -0.21198953186276492,0.10509471434863005 -0.21198953186276492,0.10509471434863005 -0.06861355055682261,-0.01896938500295997 -0.06861355055682261,-0.01896938500295997 -0.21198953186276492))	0
16	14	POLYGON((0.10509471434863005 -0.21198953186276492,0.22915881370021995 -0.21198953186276492,0.22915881370021995 -0.06861355055682261,0.10509471434863005 -0.06861355055682261,0.10509471434863005 -0.21198953186276492))	0
17	14	POLYGON((0.22915881370021995 -0.21198953186276492,0.3532229130518101 -0.21198953186276492,0.3532229130518101 -0.06861355055682261,0.22915881370021995 -0.06861355055682261,0.22915881370021995 -0.21198953186276492))	0
18	14	POLYGON((0.3532229130518101 -0.21198953186276492,0.4772870124034001 -0.21198953186276492,0.4772870124034001 -0.06861355055682261,0.3532229130518101 -0.06861355055682261,0.3532229130518101 -0.21198953186276492))	0
19	14	POLYGON((0.4772870124034001 -0.21198953186276492,0.60135111175499 -0.21198953186276492,0.60135111175499 -0.06861355055682261,0.4772870124034001 -0.06861355055682261,0.4772870124034001 -0.21198953186276492))	0
20	14	POLYGON((0.60135111175499 -0.21198953186276492,0.7254152111065801 -0.21198953186276492,0.7254152111065801 -0.06861355055682261,0.60135111175499 -0.06861355055682261,0.60135111175499 -0.21198953186276492))	0
21	14	POLYGON((0.7254152111065801 -0.21198953186276492,0.8494793104581702 -0.21198953186276492,0.8494793104581702 -0.06861355055682261,0.7254152111065801 -0.06861355055682261,0.7254152111065801 -0.21198953186276492))	0
22	14	POLYGON((0.8494793104581702 -0.21198953186276492,0.9735434098097601 -0.21198953186276492,0.9735434098097601 -0.06861355055682261,0.8494793104581702 -0.06861355055682261,0.8494793104581702 -0.21198953186276492))	0
23	14	POLYGON((0.9735434098097601 -0.21198953186276492,1.0976075091613502 -0.21198953186276492,1.0976075091613502 -0.06861355055682261,0.9735434098097601 -0.06861355055682261,0.9735434098097601 -0.21198953186276492))	0
24	14	POLYGON((1.0976075091613502 -0.21198953186276492,1.2216716085129402 -0.21198953186276492,1.2216716085129402 -0.06861355055682261,1.0976075091613502 -0.06861355055682261,1.0976075091613502 -0.21198953186276492))	0
25	14	POLYGON((1.2216716085129402 -0.21198953186276492,1.34573570786453 -0.21198953186276492,1.34573570786453 -0.06861355055682261,1.2216716085129402 -0.06861355055682261,1.2216716085129402 -0.21198953186276492))	0
26	14	POLYGON((1.34573570786453 -0.21198953186276492,1.46979980721612 -0.21198953186276492,1.46979980721612 -0.06861355055682261,1.34573570786453 -0.06861355055682261,1.34573570786453 -0.21198953186276492))	0
27	14	POLYGON((1.46979980721612 -0.21198953186276492,1.59386390656771 -0.21198953186276492,1.59386390656771 -0.06861355055682261,1.46979980721612 -0.06861355055682261,1.46979980721612 -0.21198953186276492))	0
28	14	POLYGON((1.59386390656771 -0.21198953186276492,1.7179280059193 -0.21198953186276492,1.7179280059193 -0.06861355055682261,1.59386390656771 -0.06861355055682261,1.59386390656771 -0.21198953186276492))	0
29	14	POLYGON((1.7179280059193 -0.21198953186276492,1.84199210527089 -0.21198953186276492,1.84199210527089 -0.06861355055682261,1.7179280059193 -0.06861355055682261,1.7179280059193 -0.21198953186276492))	0
30	14	POLYGON((1.84199210527089 -0.21198953186276492,1.9660562046224799 -0.21198953186276492,1.9660562046224799 -0.06861355055682261,1.84199210527089 -0.06861355055682261,1.84199210527089 -0.21198953186276492))	0
31	14	POLYGON((1.9660562046224799 -0.21198953186276492,2.09012030397407 -0.21198953186276492,2.09012030397407 -0.06861355055682261,1.9660562046224799 -0.06861355055682261,1.9660562046224799 -0.21198953186276492))	0
0	15	POLYGON((-1.87993087527681 -0.06861355055682261,-1.75586677592522 -0.06861355055682261,-1.75586677592522 0.07476243074911992,-1.87993087527681 0.07476243074911992,-1.87993087527681 -0.06861355055682261))	0
1	15	POLYGON((-1.75586677592522 -0.06861355055682261,-1.63180267657363 -0.06861355055682261,-1.63180267657363 0.07476243074911992,-1.75586677592522 0.07476243074911992,-1.75586677592522 -0.06861355055682261))	0
2	15	POLYGON((-1.63180267657363 -0.06861355055682261,-1.50773857722204 -0.06861355055682261,-1.50773857722204 0.07476243074911992,-1.63180267657363 0.07476243074911992,-1.63180267657363 -0.06861355055682261))	0
3	15	POLYGON((-1.50773857722204 -0.06861355055682261,-1.3836744778704502 -0.06861355055682261,-1.3836744778704502 0.07476243074911992,-1.50773857722204 0.07476243074911992,-1.50773857722204 -0.06861355055682261))	0
4	15	POLYGON((-1.3836744778704502 -0.06861355055682261,-1.2596103785188602 -0.06861355055682261,-1.2596103785188602 0.07476243074911992,-1.3836744778704502 0.07476243074911992,-1.3836744778704502 -0.06861355055682261))	0
5	15	POLYGON((-1.2596103785188602 -0.06861355055682261,-1.13554627916727 -0.06861355055682261,-1.13554627916727 0.07476243074911992,-1.2596103785188602 0.07476243074911992,-1.2596103785188602 -0.06861355055682261))	0
6	15	POLYGON((-1.13554627916727 -0.06861355055682261,-1.0114821798156801 -0.06861355055682261,-1.0114821798156801 0.07476243074911992,-1.13554627916727 0.07476243074911992,-1.13554627916727 -0.06861355055682261))	0
7	15	POLYGON((-1.0114821798156801 -0.06861355055682261,-0.88741808046409 -0.06861355055682261,-0.88741808046409 0.07476243074911992,-1.0114821798156801 0.07476243074911992,-1.0114821798156801 -0.06861355055682261))	0
8	15	POLYGON((-0.88741808046409 -0.06861355055682261,-0.7633539811124999 -0.06861355055682261,-0.7633539811124999 0.07476243074911992,-0.88741808046409 0.07476243074911992,-0.88741808046409 -0.06861355055682261))	0
9	15	POLYGON((-0.7633539811124999 -0.06861355055682261,-0.6392898817609101 -0.06861355055682261,-0.6392898817609101 0.07476243074911992,-0.7633539811124999 0.07476243074911992,-0.7633539811124999 -0.06861355055682261))	0
10	15	POLYGON((-0.6392898817609101 -0.06861355055682261,-0.5152257824093199 -0.06861355055682261,-0.5152257824093199 0.07476243074911992,-0.6392898817609101 0.07476243074911992,-0.6392898817609101 -0.06861355055682261))	0
11	15	POLYGON((-0.5152257824093199 -0.06861355055682261,-0.3911616830577298 -0.06861355055682261,-0.3911616830577298 0.07476243074911992,-0.5152257824093199 0.07476243074911992,-0.5152257824093199 -0.06861355055682261))	0
12	15	POLYGON((-0.3911616830577298 -0.06861355055682261,-0.26709758370614 -0.06861355055682261,-0.26709758370614 0.07476243074911992,-0.3911616830577298 0.07476243074911992,-0.3911616830577298 -0.06861355055682261))	0
13	15	POLYGON((-0.26709758370614 -0.06861355055682261,-0.14303348435454988 -0.06861355055682261,-0.14303348435454988 0.07476243074911992,-0.26709758370614 0.07476243074911992,-0.26709758370614 -0.06861355055682261))	0
14	15	POLYGON((-0.14303348435454988 -0.06861355055682261,-0.01896938500295997 -0.06861355055682261,-0.01896938500295997 0.07476243074911992,-0.14303348435454988 0.07476243074911992,-0.14303348435454988 -0.06861355055682261))	0
15	15	POLYGON((-0.01896938500295997 -0.06861355055682261,0.10509471434863005 -0.06861355055682261,0.10509471434863005 0.07476243074911992,-0.01896938500295997 0.07476243074911992,-0.01896938500295997 -0.06861355055682261))	1030
16	15	POLYGON((0.10509471434863005 -0.06861355055682261,0.22915881370021995 -0.06861355055682261,0.22915881370021995 0.07476243074911992,0.10509471434863005 0.07476243074911992,0.10509471434863005 -0.06861355055682261))	479
17	15	POLYGON((0.22915881370021995 -0.06861355055682261,0.3532229130518101 -0.06861355055682261,0.3532229130518101 0.07476243074911992,0.22915881370021995 0.07476243074911992,0.22915881370021995 -0.06861355055682261))	81
18	15	POLYGON((0.3532229130518101 -0.06861355055682261,0.4772870124034001 -0.06861355055682261,0.4772870124034001 0.07476243074911992,0.3532229130518101 0.07476243074911992,0.3532229130518101 -0.06861355055682261))	309
19	15	POLYGON((0.4772870124034001 -0.06861355055682261,0.60135111175499 -0.06861355055682261,0.60135111175499 0.07476243074911992,0.4772870124034001 0.07476243074911992,0.4772870124034001 -0.06861355055682261))	11
20	15	POLYGON((0.60135111175499 -0.06861355055682261,0.7254152111065801 -0.06861355055682261,0.7254152111065801 0.07476243074911992,0.60135111175499 0.07476243074911992,0.60135111175499 -0.06861355055682261))	20
21	15	POLYGON((0.7254152111065801 -0.06861355055682261,0.8494793104581702 -0.06861355055682261,0.8494793104581702 0.07476243074911992,0.7254152111065801 0.07476243074911992,0.7254152111065801 -0.06861355055682261))	68
22	15	POLYGON((0.8494793104581702 -0.06861355055682261,0.9735434098097601 -0.06861355055682261,0.9735434098097601 0.07476243074911992,0.8494793104581702 0.07476243074911992,0.8494793104581702 -0.06861355055682261))	3179
23	15	POLYGON((0.9735434098097601 -0.06861355055682261,1.0976075091613502 -0.06861355055682261,1.0976075091613502 0.07476243074911992,0.9735434098097601 0.07476243074911992,0.9735434098097601 -0.06861355055682261))	565
24	15	POLYGON((1.0976075091613502 -0.06861355055682261,1.2216716085129402 -0.06861355055682261,1.2216716085129402 0.07476243074911992,1.0976075091613502 0.07476243074911992,1.0976075091613502 -0.06861355055682261))	0
25	15	POLYGON((1.2216716085129402 -0.06861355055682261,1.34573570786453 -0.06861355055682261,1.34573570786453 0.07476243074911992,1.2216716085129402 0.07476243074911992,1.2216716085129402 -0.06861355055682261))	0
26	15	POLYGON((1.34573570786453 -0.06861355055682261,1.46979980721612 -0.06861355055682261,1.46979980721612 0.07476243074911992,1.34573570786453 0.07476243074911992,1.34573570786453 -0.06861355055682261))	0
27	15	POLYGON((1.46979980721612 -0.06861355055682261,1.59386390656771 -0.06861355055682261,1.59386390656771 0.07476243074911992,1.46979980721612 0.07476243074911992,1.46979980721612 -0.06861355055682261))	0
28	15	POLYGON((1.59386390656771 -0.06861355055682261,1.7179280059193 -0.06861355055682261,1.7179280059193 0.07476243074911992,1.59386390656771 0.07476243074911992,1.59386390656771 -0.06861355055682261))	0
29	15	POLYGON((1.7179280059193 -0.06861355055682261,1.84199210527089 -0.06861355055682261,1.84199210527089 0.07476243074911992,1.7179280059193 0.07476243074911992,1.7179280059193 -0.06861355055682261))	0
30	15	POLYGON((1.84199210527089 -0.06861355055682261,1.9660562046224799 -0.06861355055682261,1.9660562046224799 0.07476243074911992,1.84199210527089 0.07476243074911992,1.84199210527089 -0.06861355055682261))	0
31	15	POLYGON((1.9660562046224799 -0.06861355055682261,2.09012030397407 -0.06861355055682261,2.09012030397407 0.07476243074911992,1.9660562046224799 0.07476243074911992,1.9660562046224799 -0.06861355055682261))	0
0	16	POLYGON((-1.87993087527681 0.07476243074911992,-1.75586677592522 0.07476243074911992,-1.75586677592522 0.21813841205506246,-1.87993087527681 0.21813841205506246,-1.87993087527681 0.07476243074911992))	0
1	16	POLYGON((-1.75586677592522 0.07476243074911992,-1.63180267657363 0.07476243074911992,-1.63180267657363 0.21813841205506246,-1.75586677592522 0.21813841205506246,-1.75586677592522 0.07476243074911992))	0
2	16	POLYGON((-1.63180267657363 0.07476243074911992,-1.50773857722204 0.07476243074911992,-1.50773857722204 0.21813841205506246,-1.63180267657363 0.21813841205506246,-1.63180267657363 0.07476243074911992))	0
3	16	POLYGON((-1.50773857722204 0.07476243074911992,-1.3836744778704502 0.07476243074911992,-1.3836744778704502 0.21813841205506246,-1.50773857722204 0.21813841205506246,-1.50773857722204 0.07476243074911992))	0
4	16	POLYGON((-1.3836744778704502 0.07476243074911992,-1.2596103785188602 0.07476243074911992,-1.2596103785188602 0.21813841205506246,-1.3836744778704502 0.21813841205506246,-1.3836744778704502 0.07476243074911992))	0
5	16	POLYGON((-1.2596103785188602 0.07476243074911992,-1.13554627916727 0.07476243074911992,-1.13554627916727 0.21813841205506246,-1.2596103785188602 0.21813841205506246,-1.2596103785188602 0.07476243074911992))	0
6	16	POLYGON((-1.13554627916727 0.07476243074911992,-1.0114821798156801 0.07476243074911992,-1.0114821798156801 0.21813841205506246,-1.13554627916727 0.21813841205506246,-1.13554627916727 0.07476243074911992))	0
7	16	POLYGON((-1.0114821798156801 0.07476243074911992,-0.88741808046409 0.07476243074911992,-0.88741808046409 0.21813841205506246,-1.0114821798156801 0.21813841205506246,-1.0114821798156801 0.07476243074911992))	0
8	16	POLYGON((-0.88741808046409 0.07476243074911992,-0.7633539811124999 0.07476243074911992,-0.7633539811124999 0.21813841205506246,-0.88741808046409 0.21813841205506246,-0.88741808046409 0.07476243074911992))	0
9	16	POLYGON((-0.7633539811124999 0.07476243074911992,-0.6392898817609101 0.07476243074911992,-0.6392898817609101 0.21813841205506246,-0.7633539811124999 0.21813841205506246,-0.7633539811124999 0.07476243074911992))	0
10	16	POLYGON((-0.6392898817609101 0.07476243074911992,-0.5152257824093199 0.07476243074911992,-0.5152257824093199 0.21813841205506246,-0.6392898817609101 0.21813841205506246,-0.6392898817609101 0.07476243074911992))	0
11	16	POLYGON((-0.5152257824093199 0.07476243074911992,-0.3911616830577298 0.07476243074911992,-0.3911616830577298 0.21813841205506246,-0.5152257824093199 0.21813841205506246,-0.5152257824093199 0.07476243074911992))	0
12	16	POLYGON((-0.3911616830577298 0.07476243074911992,-0.26709758370614 0.07476243074911992,-0.26709758370614 0.21813841205506246,-0.3911616830577298 0.21813841205506246,-0.3911616830577298 0.07476243074911992))	0
13	16	POLYGON((-0.26709758370614 0.07476243074911992,-0.14303348435454988 0.07476243074911992,-0.14303348435454988 0.21813841205506246,-0.26709758370614 0.21813841205506246,-0.26709758370614 0.07476243074911992))	0
14	16	POLYGON((-0.14303348435454988 0.07476243074911992,-0.01896938500295997 0.07476243074911992,-0.01896938500295997 0.21813841205506246,-0.14303348435454988 0.21813841205506246,-0.14303348435454988 0.07476243074911992))	0
15	16	POLYGON((-0.01896938500295997 0.07476243074911992,0.10509471434863005 0.07476243074911992,0.10509471434863005 0.21813841205506246,-0.01896938500295997 0.21813841205506246,-0.01896938500295997 0.07476243074911992))	320
16	16	POLYGON((0.10509471434863005 0.07476243074911992,0.22915881370021995 0.07476243074911992,0.22915881370021995 0.21813841205506246,0.10509471434863005 0.21813841205506246,0.10509471434863005 0.07476243074911992))	166
17	16	POLYGON((0.22915881370021995 0.07476243074911992,0.3532229130518101 0.07476243074911992,0.3532229130518101 0.21813841205506246,0.22915881370021995 0.21813841205506246,0.22915881370021995 0.07476243074911992))	82
18	16	POLYGON((0.3532229130518101 0.07476243074911992,0.4772870124034001 0.07476243074911992,0.4772870124034001 0.21813841205506246,0.3532229130518101 0.21813841205506246,0.3532229130518101 0.07476243074911992))	129
19	16	POLYGON((0.4772870124034001 0.07476243074911992,0.60135111175499 0.07476243074911992,0.60135111175499 0.21813841205506246,0.4772870124034001 0.21813841205506246,0.4772870124034001 0.07476243074911992))	36
20	16	POLYGON((0.60135111175499 0.07476243074911992,0.7254152111065801 0.07476243074911992,0.7254152111065801 0.21813841205506246,0.60135111175499 0.21813841205506246,0.60135111175499 0.07476243074911992))	2
21	16	POLYGON((0.7254152111065801 0.07476243074911992,0.8494793104581702 0.07476243074911992,0.8494793104581702 0.21813841205506246,0.7254152111065801 0.21813841205506246,0.7254152111065801 0.07476243074911992))	128
22	16	POLYGON((0.8494793104581702 0.07476243074911992,0.9735434098097601 0.07476243074911992,0.9735434098097601 0.21813841205506246,0.8494793104581702 0.21813841205506246,0.8494793104581702 0.07476243074911992))	785
23	16	POLYGON((0.9735434098097601 0.07476243074911992,1.0976075091613502 0.07476243074911992,1.0976075091613502 0.21813841205506246,0.9735434098097601 0.21813841205506246,0.9735434098097601 0.07476243074911992))	735
24	16	POLYGON((1.0976075091613502 0.07476243074911992,1.2216716085129402 0.07476243074911992,1.2216716085129402 0.21813841205506246,1.0976075091613502 0.21813841205506246,1.0976075091613502 0.07476243074911992))	0
25	16	POLYGON((1.2216716085129402 0.07476243074911992,1.34573570786453 0.07476243074911992,1.34573570786453 0.21813841205506246,1.2216716085129402 0.21813841205506246,1.2216716085129402 0.07476243074911992))	0
26	16	POLYGON((1.34573570786453 0.07476243074911992,1.46979980721612 0.07476243074911992,1.46979980721612 0.21813841205506246,1.34573570786453 0.21813841205506246,1.34573570786453 0.07476243074911992))	0
27	16	POLYGON((1.46979980721612 0.07476243074911992,1.59386390656771 0.07476243074911992,1.59386390656771 0.21813841205506246,1.46979980721612 0.21813841205506246,1.46979980721612 0.07476243074911992))	0
28	16	POLYGON((1.59386390656771 0.07476243074911992,1.7179280059193 0.07476243074911992,1.7179280059193 0.21813841205506246,1.59386390656771 0.21813841205506246,1.59386390656771 0.07476243074911992))	0
29	16	POLYGON((1.7179280059193 0.07476243074911992,1.84199210527089 0.07476243074911992,1.84199210527089 0.21813841205506246,1.7179280059193 0.21813841205506246,1.7179280059193 0.07476243074911992))	0
30	16	POLYGON((1.84199210527089 0.07476243074911992,1.9660562046224799 0.07476243074911992,1.9660562046224799 0.21813841205506246,1.84199210527089 0.21813841205506246,1.84199210527089 0.07476243074911992))	0
31	16	POLYGON((1.9660562046224799 0.07476243074911992,2.09012030397407 0.07476243074911992,2.09012030397407 0.21813841205506246,1.9660562046224799 0.21813841205506246,1.9660562046224799 0.07476243074911992))	0
0	17	POLYGON((-1.87993087527681 0.21813841205506246,-1.75586677592522 0.21813841205506246,-1.75586677592522 0.36151439336100477,-1.87993087527681 0.36151439336100477,-1.87993087527681 0.21813841205506246))	0
1	17	POLYGON((-1.75586677592522 0.21813841205506246,-1.63180267657363 0.21813841205506246,-1.63180267657363 0.36151439336100477,-1.75586677592522 0.36151439336100477,-1.75586677592522 0.21813841205506246))	0
2	17	POLYGON((-1.63180267657363 0.21813841205506246,-1.50773857722204 0.21813841205506246,-1.50773857722204 0.36151439336100477,-1.63180267657363 0.36151439336100477,-1.63180267657363 0.21813841205506246))	0
3	17	POLYGON((-1.50773857722204 0.21813841205506246,-1.3836744778704502 0.21813841205506246,-1.3836744778704502 0.36151439336100477,-1.50773857722204 0.36151439336100477,-1.50773857722204 0.21813841205506246))	0
4	17	POLYGON((-1.3836744778704502 0.21813841205506246,-1.2596103785188602 0.21813841205506246,-1.2596103785188602 0.36151439336100477,-1.3836744778704502 0.36151439336100477,-1.3836744778704502 0.21813841205506246))	0
5	17	POLYGON((-1.2596103785188602 0.21813841205506246,-1.13554627916727 0.21813841205506246,-1.13554627916727 0.36151439336100477,-1.2596103785188602 0.36151439336100477,-1.2596103785188602 0.21813841205506246))	0
6	17	POLYGON((-1.13554627916727 0.21813841205506246,-1.0114821798156801 0.21813841205506246,-1.0114821798156801 0.36151439336100477,-1.13554627916727 0.36151439336100477,-1.13554627916727 0.21813841205506246))	0
7	17	POLYGON((-1.0114821798156801 0.21813841205506246,-0.88741808046409 0.21813841205506246,-0.88741808046409 0.36151439336100477,-1.0114821798156801 0.36151439336100477,-1.0114821798156801 0.21813841205506246))	0
8	17	POLYGON((-0.88741808046409 0.21813841205506246,-0.7633539811124999 0.21813841205506246,-0.7633539811124999 0.36151439336100477,-0.88741808046409 0.36151439336100477,-0.88741808046409 0.21813841205506246))	0
9	17	POLYGON((-0.7633539811124999 0.21813841205506246,-0.6392898817609101 0.21813841205506246,-0.6392898817609101 0.36151439336100477,-0.7633539811124999 0.36151439336100477,-0.7633539811124999 0.21813841205506246))	0
10	17	POLYGON((-0.6392898817609101 0.21813841205506246,-0.5152257824093199 0.21813841205506246,-0.5152257824093199 0.36151439336100477,-0.6392898817609101 0.36151439336100477,-0.6392898817609101 0.21813841205506246))	0
11	17	POLYGON((-0.5152257824093199 0.21813841205506246,-0.3911616830577298 0.21813841205506246,-0.3911616830577298 0.36151439336100477,-0.5152257824093199 0.36151439336100477,-0.5152257824093199 0.21813841205506246))	0
12	17	POLYGON((-0.3911616830577298 0.21813841205506246,-0.26709758370614 0.21813841205506246,-0.26709758370614 0.36151439336100477,-0.3911616830577298 0.36151439336100477,-0.3911616830577298 0.21813841205506246))	0
13	17	POLYGON((-0.26709758370614 0.21813841205506246,-0.14303348435454988 0.21813841205506246,-0.14303348435454988 0.36151439336100477,-0.26709758370614 0.36151439336100477,-0.26709758370614 0.21813841205506246))	0
14	17	POLYGON((-0.14303348435454988 0.21813841205506246,-0.01896938500295997 0.21813841205506246,-0.01896938500295997 0.36151439336100477,-0.14303348435454988 0.36151439336100477,-0.14303348435454988 0.21813841205506246))	0
15	17	POLYGON((-0.01896938500295997 0.21813841205506246,0.10509471434863005 0.21813841205506246,0.10509471434863005 0.36151439336100477,-0.01896938500295997 0.36151439336100477,-0.01896938500295997 0.21813841205506246))	223
16	17	POLYGON((0.10509471434863005 0.21813841205506246,0.22915881370021995 0.21813841205506246,0.22915881370021995 0.36151439336100477,0.10509471434863005 0.36151439336100477,0.10509471434863005 0.21813841205506246))	245
17	17	POLYGON((0.22915881370021995 0.21813841205506246,0.3532229130518101 0.21813841205506246,0.3532229130518101 0.36151439336100477,0.22915881370021995 0.36151439336100477,0.22915881370021995 0.21813841205506246))	88
18	17	POLYGON((0.3532229130518101 0.21813841205506246,0.4772870124034001 0.21813841205506246,0.4772870124034001 0.36151439336100477,0.3532229130518101 0.36151439336100477,0.3532229130518101 0.21813841205506246))	206
19	17	POLYGON((0.4772870124034001 0.21813841205506246,0.60135111175499 0.21813841205506246,0.60135111175499 0.36151439336100477,0.4772870124034001 0.36151439336100477,0.4772870124034001 0.21813841205506246))	50
20	17	POLYGON((0.60135111175499 0.21813841205506246,0.7254152111065801 0.21813841205506246,0.7254152111065801 0.36151439336100477,0.60135111175499 0.36151439336100477,0.60135111175499 0.21813841205506246))	26
21	17	POLYGON((0.7254152111065801 0.21813841205506246,0.8494793104581702 0.21813841205506246,0.8494793104581702 0.36151439336100477,0.7254152111065801 0.36151439336100477,0.7254152111065801 0.21813841205506246))	174
22	17	POLYGON((0.8494793104581702 0.21813841205506246,0.9735434098097601 0.21813841205506246,0.9735434098097601 0.36151439336100477,0.8494793104581702 0.36151439336100477,0.8494793104581702 0.21813841205506246))	263
23	17	POLYGON((0.9735434098097601 0.21813841205506246,1.0976075091613502 0.21813841205506246,1.0976075091613502 0.36151439336100477,0.9735434098097601 0.36151439336100477,0.9735434098097601 0.21813841205506246))	142
24	17	POLYGON((1.0976075091613502 0.21813841205506246,1.2216716085129402 0.21813841205506246,1.2216716085129402 0.36151439336100477,1.0976075091613502 0.36151439336100477,1.0976075091613502 0.21813841205506246))	0
25	17	POLYGON((1.2216716085129402 0.21813841205506246,1.34573570786453 0.21813841205506246,1.34573570786453 0.36151439336100477,1.2216716085129402 0.36151439336100477,1.2216716085129402 0.21813841205506246))	0
26	17	POLYGON((1.34573570786453 0.21813841205506246,1.46979980721612 0.21813841205506246,1.46979980721612 0.36151439336100477,1.34573570786453 0.36151439336100477,1.34573570786453 0.21813841205506246))	0
27	17	POLYGON((1.46979980721612 0.21813841205506246,1.59386390656771 0.21813841205506246,1.59386390656771 0.36151439336100477,1.46979980721612 0.36151439336100477,1.46979980721612 0.21813841205506246))	0
28	17	POLYGON((1.59386390656771 0.21813841205506246,1.7179280059193 0.21813841205506246,1.7179280059193 0.36151439336100477,1.59386390656771 0.36151439336100477,1.59386390656771 0.21813841205506246))	0
29	17	POLYGON((1.7179280059193 0.21813841205506246,1.84199210527089 0.21813841205506246,1.84199210527089 0.36151439336100477,1.7179280059193 0.36151439336100477,1.7179280059193 0.21813841205506246))	0
30	17	POLYGON((1.84199210527089 0.21813841205506246,1.9660562046224799 0.21813841205506246,1.9660562046224799 0.36151439336100477,1.84199210527089 0.36151439336100477,1.84199210527089 0.21813841205506246))	0
31	17	POLYGON((1.9660562046224799 0.21813841205506246,2.09012030397407 0.21813841205506246,2.09012030397407 0.36151439336100477,1.9660562046224799 0.36151439336100477,1.9660562046224799 0.21813841205506246))	0
0	18	POLYGON((-1.87993087527681 0.36151439336100477,-1.75586677592522 0.36151439336100477,-1.75586677592522 0.5048903746669475,-1.87993087527681 0.5048903746669475,-1.87993087527681 0.36151439336100477))	0
1	18	POLYGON((-1.75586677592522 0.36151439336100477,-1.63180267657363 0.36151439336100477,-1.63180267657363 0.5048903746669475,-1.75586677592522 0.5048903746669475,-1.75586677592522 0.36151439336100477))	0
2	18	POLYGON((-1.63180267657363 0.36151439336100477,-1.50773857722204 0.36151439336100477,-1.50773857722204 0.5048903746669475,-1.63180267657363 0.5048903746669475,-1.63180267657363 0.36151439336100477))	0
3	18	POLYGON((-1.50773857722204 0.36151439336100477,-1.3836744778704502 0.36151439336100477,-1.3836744778704502 0.5048903746669475,-1.50773857722204 0.5048903746669475,-1.50773857722204 0.36151439336100477))	0
4	18	POLYGON((-1.3836744778704502 0.36151439336100477,-1.2596103785188602 0.36151439336100477,-1.2596103785188602 0.5048903746669475,-1.3836744778704502 0.5048903746669475,-1.3836744778704502 0.36151439336100477))	0
5	18	POLYGON((-1.2596103785188602 0.36151439336100477,-1.13554627916727 0.36151439336100477,-1.13554627916727 0.5048903746669475,-1.2596103785188602 0.5048903746669475,-1.2596103785188602 0.36151439336100477))	0
6	18	POLYGON((-1.13554627916727 0.36151439336100477,-1.0114821798156801 0.36151439336100477,-1.0114821798156801 0.5048903746669475,-1.13554627916727 0.5048903746669475,-1.13554627916727 0.36151439336100477))	0
7	18	POLYGON((-1.0114821798156801 0.36151439336100477,-0.88741808046409 0.36151439336100477,-0.88741808046409 0.5048903746669475,-1.0114821798156801 0.5048903746669475,-1.0114821798156801 0.36151439336100477))	0
8	18	POLYGON((-0.88741808046409 0.36151439336100477,-0.7633539811124999 0.36151439336100477,-0.7633539811124999 0.5048903746669475,-0.88741808046409 0.5048903746669475,-0.88741808046409 0.36151439336100477))	0
9	18	POLYGON((-0.7633539811124999 0.36151439336100477,-0.6392898817609101 0.36151439336100477,-0.6392898817609101 0.5048903746669475,-0.7633539811124999 0.5048903746669475,-0.7633539811124999 0.36151439336100477))	0
10	18	POLYGON((-0.6392898817609101 0.36151439336100477,-0.5152257824093199 0.36151439336100477,-0.5152257824093199 0.5048903746669475,-0.6392898817609101 0.5048903746669475,-0.6392898817609101 0.36151439336100477))	0
11	18	POLYGON((-0.5152257824093199 0.36151439336100477,-0.3911616830577298 0.36151439336100477,-0.3911616830577298 0.5048903746669475,-0.5152257824093199 0.5048903746669475,-0.5152257824093199 0.36151439336100477))	0
12	18	POLYGON((-0.3911616830577298 0.36151439336100477,-0.26709758370614 0.36151439336100477,-0.26709758370614 0.5048903746669475,-0.3911616830577298 0.5048903746669475,-0.3911616830577298 0.36151439336100477))	0
13	18	POLYGON((-0.26709758370614 0.36151439336100477,-0.14303348435454988 0.36151439336100477,-0.14303348435454988 0.5048903746669475,-0.26709758370614 0.5048903746669475,-0.26709758370614 0.36151439336100477))	0
14	18	POLYGON((-0.14303348435454988 0.36151439336100477,-0.01896938500295997 0.36151439336100477,-0.01896938500295997 0.5048903746669475,-0.14303348435454988 0.5048903746669475,-0.14303348435454988 0.36151439336100477))	0
15	18	POLYGON((-0.01896938500295997 0.36151439336100477,0.10509471434863005 0.36151439336100477,0.10509471434863005 0.5048903746669475,-0.01896938500295997 0.5048903746669475,-0.01896938500295997 0.36151439336100477))	64
16	18	POLYGON((0.10509471434863005 0.36151439336100477,0.22915881370021995 0.36151439336100477,0.22915881370021995 0.5048903746669475,0.10509471434863005 0.5048903746669475,0.10509471434863005 0.36151439336100477))	87
17	18	POLYGON((0.22915881370021995 0.36151439336100477,0.3532229130518101 0.36151439336100477,0.3532229130518101 0.5048903746669475,0.22915881370021995 0.5048903746669475,0.22915881370021995 0.36151439336100477))	57
18	18	POLYGON((0.3532229130518101 0.36151439336100477,0.4772870124034001 0.36151439336100477,0.4772870124034001 0.5048903746669475,0.3532229130518101 0.5048903746669475,0.3532229130518101 0.36151439336100477))	137
19	18	POLYGON((0.4772870124034001 0.36151439336100477,0.60135111175499 0.36151439336100477,0.60135111175499 0.5048903746669475,0.4772870124034001 0.5048903746669475,0.4772870124034001 0.36151439336100477))	24
20	18	POLYGON((0.60135111175499 0.36151439336100477,0.7254152111065801 0.36151439336100477,0.7254152111065801 0.5048903746669475,0.60135111175499 0.5048903746669475,0.60135111175499 0.36151439336100477))	31
21	18	POLYGON((0.7254152111065801 0.36151439336100477,0.8494793104581702 0.36151439336100477,0.8494793104581702 0.5048903746669475,0.7254152111065801 0.5048903746669475,0.7254152111065801 0.36151439336100477))	165
22	18	POLYGON((0.8494793104581702 0.36151439336100477,0.9735434098097601 0.36151439336100477,0.9735434098097601 0.5048903746669475,0.8494793104581702 0.5048903746669475,0.8494793104581702 0.36151439336100477))	170
23	18	POLYGON((0.9735434098097601 0.36151439336100477,1.0976075091613502 0.36151439336100477,1.0976075091613502 0.5048903746669475,0.9735434098097601 0.5048903746669475,0.9735434098097601 0.36151439336100477))	15
24	18	POLYGON((1.0976075091613502 0.36151439336100477,1.2216716085129402 0.36151439336100477,1.2216716085129402 0.5048903746669475,1.0976075091613502 0.5048903746669475,1.0976075091613502 0.36151439336100477))	0
25	18	POLYGON((1.2216716085129402 0.36151439336100477,1.34573570786453 0.36151439336100477,1.34573570786453 0.5048903746669475,1.2216716085129402 0.5048903746669475,1.2216716085129402 0.36151439336100477))	0
26	18	POLYGON((1.34573570786453 0.36151439336100477,1.46979980721612 0.36151439336100477,1.46979980721612 0.5048903746669475,1.34573570786453 0.5048903746669475,1.34573570786453 0.36151439336100477))	0
27	18	POLYGON((1.46979980721612 0.36151439336100477,1.59386390656771 0.36151439336100477,1.59386390656771 0.5048903746669475,1.46979980721612 0.5048903746669475,1.46979980721612 0.36151439336100477))	0
28	18	POLYGON((1.59386390656771 0.36151439336100477,1.7179280059193 0.36151439336100477,1.7179280059193 0.5048903746669475,1.59386390656771 0.5048903746669475,1.59386390656771 0.36151439336100477))	0
29	18	POLYGON((1.7179280059193 0.36151439336100477,1.84199210527089 0.36151439336100477,1.84199210527089 0.5048903746669475,1.7179280059193 0.5048903746669475,1.7179280059193 0.36151439336100477))	0
30	18	POLYGON((1.84199210527089 0.36151439336100477,1.9660562046224799 0.36151439336100477,1.9660562046224799 0.5048903746669475,1.84199210527089 0.5048903746669475,1.84199210527089 0.36151439336100477))	0
31	18	POLYGON((1.9660562046224799 0.36151439336100477,2.09012030397407 0.36151439336100477,2.09012030397407 0.5048903746669475,1.9660562046224799 0.5048903746669475,1.9660562046224799 0.36151439336100477))	0
0	19	POLYGON((-1.87993087527681 0.5048903746669475,-1.75586677592522 0.5048903746669475,-1.75586677592522 0.64826635597289,-1.87993087527681 0.64826635597289,-1.87993087527681 0.5048903746669475))	0
1	19	POLYGON((-1.75586677592522 0.5048903746669475,-1.63180267657363 0.5048903746669475,-1.63180267657363 0.64826635597289,-1.75586677592522 0.64826635597289,-1.75586677592522 0.5048903746669475))	0
2	19	POLYGON((-1.63180267657363 0.5048903746669475,-1.50773857722204 0.5048903746669475,-1.50773857722204 0.64826635597289,-1.63180267657363 0.64826635597289,-1.63180267657363 0.5048903746669475))	0
3	19	POLYGON((-1.50773857722204 0.5048903746669475,-1.3836744778704502 0.5048903746669475,-1.3836744778704502 0.64826635597289,-1.50773857722204 0.64826635597289,-1.50773857722204 0.5048903746669475))	0
4	19	POLYGON((-1.3836744778704502 0.5048903746669475,-1.2596103785188602 0.5048903746669475,-1.2596103785188602 0.64826635597289,-1.3836744778704502 0.64826635597289,-1.3836744778704502 0.5048903746669475))	0
5	19	POLYGON((-1.2596103785188602 0.5048903746669475,-1.13554627916727 0.5048903746669475,-1.13554627916727 0.64826635597289,-1.2596103785188602 0.64826635597289,-1.2596103785188602 0.5048903746669475))	0
6	19	POLYGON((-1.13554627916727 0.5048903746669475,-1.0114821798156801 0.5048903746669475,-1.0114821798156801 0.64826635597289,-1.13554627916727 0.64826635597289,-1.13554627916727 0.5048903746669475))	0
7	19	POLYGON((-1.0114821798156801 0.5048903746669475,-0.88741808046409 0.5048903746669475,-0.88741808046409 0.64826635597289,-1.0114821798156801 0.64826635597289,-1.0114821798156801 0.5048903746669475))	0
8	19	POLYGON((-0.88741808046409 0.5048903746669475,-0.7633539811124999 0.5048903746669475,-0.7633539811124999 0.64826635597289,-0.88741808046409 0.64826635597289,-0.88741808046409 0.5048903746669475))	0
9	19	POLYGON((-0.7633539811124999 0.5048903746669475,-0.6392898817609101 0.5048903746669475,-0.6392898817609101 0.64826635597289,-0.7633539811124999 0.64826635597289,-0.7633539811124999 0.5048903746669475))	0
10	19	POLYGON((-0.6392898817609101 0.5048903746669475,-0.5152257824093199 0.5048903746669475,-0.5152257824093199 0.64826635597289,-0.6392898817609101 0.64826635597289,-0.6392898817609101 0.5048903746669475))	0
11	19	POLYGON((-0.5152257824093199 0.5048903746669475,-0.3911616830577298 0.5048903746669475,-0.3911616830577298 0.64826635597289,-0.5152257824093199 0.64826635597289,-0.5152257824093199 0.5048903746669475))	0
12	19	POLYGON((-0.3911616830577298 0.5048903746669475,-0.26709758370614 0.5048903746669475,-0.26709758370614 0.64826635597289,-0.3911616830577298 0.64826635597289,-0.3911616830577298 0.5048903746669475))	0
13	19	POLYGON((-0.26709758370614 0.5048903746669475,-0.14303348435454988 0.5048903746669475,-0.14303348435454988 0.64826635597289,-0.26709758370614 0.64826635597289,-0.26709758370614 0.5048903746669475))	0
14	19	POLYGON((-0.14303348435454988 0.5048903746669475,-0.01896938500295997 0.5048903746669475,-0.01896938500295997 0.64826635597289,-0.14303348435454988 0.64826635597289,-0.14303348435454988 0.5048903746669475))	0
15	19	POLYGON((-0.01896938500295997 0.5048903746669475,0.10509471434863005 0.5048903746669475,0.10509471434863005 0.64826635597289,-0.01896938500295997 0.64826635597289,-0.01896938500295997 0.5048903746669475))	67
16	19	POLYGON((0.10509471434863005 0.5048903746669475,0.22915881370021995 0.5048903746669475,0.22915881370021995 0.64826635597289,0.10509471434863005 0.64826635597289,0.10509471434863005 0.5048903746669475))	123
17	19	POLYGON((0.22915881370021995 0.5048903746669475,0.3532229130518101 0.5048903746669475,0.3532229130518101 0.64826635597289,0.22915881370021995 0.64826635597289,0.22915881370021995 0.5048903746669475))	144
18	19	POLYGON((0.3532229130518101 0.5048903746669475,0.4772870124034001 0.5048903746669475,0.4772870124034001 0.64826635597289,0.3532229130518101 0.64826635597289,0.3532229130518101 0.5048903746669475))	21
19	19	POLYGON((0.4772870124034001 0.5048903746669475,0.60135111175499 0.5048903746669475,0.60135111175499 0.64826635597289,0.4772870124034001 0.64826635597289,0.4772870124034001 0.5048903746669475))	35
20	19	POLYGON((0.60135111175499 0.5048903746669475,0.7254152111065801 0.5048903746669475,0.7254152111065801 0.64826635597289,0.60135111175499 0.64826635597289,0.60135111175499 0.5048903746669475))	10
21	19	POLYGON((0.7254152111065801 0.5048903746669475,0.8494793104581702 0.5048903746669475,0.8494793104581702 0.64826635597289,0.7254152111065801 0.64826635597289,0.7254152111065801 0.5048903746669475))	74
22	19	POLYGON((0.8494793104581702 0.5048903746669475,0.9735434098097601 0.5048903746669475,0.9735434098097601 0.64826635597289,0.8494793104581702 0.64826635597289,0.8494793104581702 0.5048903746669475))	134
23	19	POLYGON((0.9735434098097601 0.5048903746669475,1.0976075091613502 0.5048903746669475,1.0976075091613502 0.64826635597289,0.9735434098097601 0.64826635597289,0.9735434098097601 0.5048903746669475))	29
24	19	POLYGON((1.0976075091613502 0.5048903746669475,1.2216716085129402 0.5048903746669475,1.2216716085129402 0.64826635597289,1.0976075091613502 0.64826635597289,1.0976075091613502 0.5048903746669475))	0
25	19	POLYGON((1.2216716085129402 0.5048903746669475,1.34573570786453 0.5048903746669475,1.34573570786453 0.64826635597289,1.2216716085129402 0.64826635597289,1.2216716085129402 0.5048903746669475))	0
26	19	POLYGON((1.34573570786453 0.5048903746669475,1.46979980721612 0.5048903746669475,1.46979980721612 0.64826635597289,1.34573570786453 0.64826635597289,1.34573570786453 0.5048903746669475))	0
27	19	POLYGON((1.46979980721612 0.5048903746669475,1.59386390656771 0.5048903746669475,1.59386390656771 0.64826635597289,1.46979980721612 0.64826635597289,1.46979980721612 0.5048903746669475))	0
28	19	POLYGON((1.59386390656771 0.5048903746669475,1.7179280059193 0.5048903746669475,1.7179280059193 0.64826635597289,1.59386390656771 0.64826635597289,1.59386390656771 0.5048903746669475))	0
29	19	POLYGON((1.7179280059193 0.5048903746669475,1.84199210527089 0.5048903746669475,1.84199210527089 0.64826635597289,1.7179280059193 0.64826635597289,1.7179280059193 0.5048903746669475))	0
30	19	POLYGON((1.84199210527089 0.5048903746669475,1.9660562046224799 0.5048903746669475,1.9660562046224799 0.64826635597289,1.84199210527089 0.64826635597289,1.84199210527089 0.5048903746669475))	0
31	19	POLYGON((1.9660562046224799 0.5048903746669475,2.09012030397407 0.5048903746669475,2.09012030397407 0.64826635597289,1.9660562046224799 0.64826635597289,1.9660562046224799 0.5048903746669475))	0
0	20	POLYGON((-1.87993087527681 0.64826635597289,-1.75586677592522 0.64826635597289,-1.75586677592522 0.7916423372788324,-1.87993087527681 0.7916423372788324,-1.87993087527681 0.64826635597289))	0
1	20	POLYGON((-1.75586677592522 0.64826635597289,-1.63180267657363 0.64826635597289,-1.63180267657363 0.7916423372788324,-1.75586677592522 0.7916423372788324,-1.75586677592522 0.64826635597289))	0
2	20	POLYGON((-1.63180267657363 0.64826635597289,-1.50773857722204 0.64826635597289,-1.50773857722204 0.7916423372788324,-1.63180267657363 0.7916423372788324,-1.63180267657363 0.64826635597289))	0
3	20	POLYGON((-1.50773857722204 0.64826635597289,-1.3836744778704502 0.64826635597289,-1.3836744778704502 0.7916423372788324,-1.50773857722204 0.7916423372788324,-1.50773857722204 0.64826635597289))	0
4	20	POLYGON((-1.3836744778704502 0.64826635597289,-1.2596103785188602 0.64826635597289,-1.2596103785188602 0.7916423372788324,-1.3836744778704502 0.7916423372788324,-1.3836744778704502 0.64826635597289))	0
5	20	POLYGON((-1.2596103785188602 0.64826635597289,-1.13554627916727 0.64826635597289,-1.13554627916727 0.7916423372788324,-1.2596103785188602 0.7916423372788324,-1.2596103785188602 0.64826635597289))	0
6	20	POLYGON((-1.13554627916727 0.64826635597289,-1.0114821798156801 0.64826635597289,-1.0114821798156801 0.7916423372788324,-1.13554627916727 0.7916423372788324,-1.13554627916727 0.64826635597289))	0
7	20	POLYGON((-1.0114821798156801 0.64826635597289,-0.88741808046409 0.64826635597289,-0.88741808046409 0.7916423372788324,-1.0114821798156801 0.7916423372788324,-1.0114821798156801 0.64826635597289))	0
8	20	POLYGON((-0.88741808046409 0.64826635597289,-0.7633539811124999 0.64826635597289,-0.7633539811124999 0.7916423372788324,-0.88741808046409 0.7916423372788324,-0.88741808046409 0.64826635597289))	0
9	20	POLYGON((-0.7633539811124999 0.64826635597289,-0.6392898817609101 0.64826635597289,-0.6392898817609101 0.7916423372788324,-0.7633539811124999 0.7916423372788324,-0.7633539811124999 0.64826635597289))	0
10	20	POLYGON((-0.6392898817609101 0.64826635597289,-0.5152257824093199 0.64826635597289,-0.5152257824093199 0.7916423372788324,-0.6392898817609101 0.7916423372788324,-0.6392898817609101 0.64826635597289))	0
11	20	POLYGON((-0.5152257824093199 0.64826635597289,-0.3911616830577298 0.64826635597289,-0.3911616830577298 0.7916423372788324,-0.5152257824093199 0.7916423372788324,-0.5152257824093199 0.64826635597289))	0
12	20	POLYGON((-0.3911616830577298 0.64826635597289,-0.26709758370614 0.64826635597289,-0.26709758370614 0.7916423372788324,-0.3911616830577298 0.7916423372788324,-0.3911616830577298 0.64826635597289))	0
13	20	POLYGON((-0.26709758370614 0.64826635597289,-0.14303348435454988 0.64826635597289,-0.14303348435454988 0.7916423372788324,-0.26709758370614 0.7916423372788324,-0.26709758370614 0.64826635597289))	0
14	20	POLYGON((-0.14303348435454988 0.64826635597289,-0.01896938500295997 0.64826635597289,-0.01896938500295997 0.7916423372788324,-0.14303348435454988 0.7916423372788324,-0.14303348435454988 0.64826635597289))	0
15	20	POLYGON((-0.01896938500295997 0.64826635597289,0.10509471434863005 0.64826635597289,0.10509471434863005 0.7916423372788324,-0.01896938500295997 0.7916423372788324,-0.01896938500295997 0.64826635597289))	86
16	20	POLYGON((0.10509471434863005 0.64826635597289,0.22915881370021995 0.64826635597289,0.22915881370021995 0.7916423372788324,0.10509471434863005 0.7916423372788324,0.10509471434863005 0.64826635597289))	286
17	20	POLYGON((0.22915881370021995 0.64826635597289,0.3532229130518101 0.64826635597289,0.3532229130518101 0.7916423372788324,0.22915881370021995 0.7916423372788324,0.22915881370021995 0.64826635597289))	208
18	20	POLYGON((0.3532229130518101 0.64826635597289,0.4772870124034001 0.64826635597289,0.4772870124034001 0.7916423372788324,0.3532229130518101 0.7916423372788324,0.3532229130518101 0.64826635597289))	190
19	20	POLYGON((0.4772870124034001 0.64826635597289,0.60135111175499 0.64826635597289,0.60135111175499 0.7916423372788324,0.4772870124034001 0.7916423372788324,0.4772870124034001 0.64826635597289))	79
20	20	POLYGON((0.60135111175499 0.64826635597289,0.7254152111065801 0.64826635597289,0.7254152111065801 0.7916423372788324,0.60135111175499 0.7916423372788324,0.60135111175499 0.64826635597289))	5
21	20	POLYGON((0.7254152111065801 0.64826635597289,0.8494793104581702 0.64826635597289,0.8494793104581702 0.7916423372788324,0.7254152111065801 0.7916423372788324,0.7254152111065801 0.64826635597289))	57
22	20	POLYGON((0.8494793104581702 0.64826635597289,0.9735434098097601 0.64826635597289,0.9735434098097601 0.7916423372788324,0.8494793104581702 0.7916423372788324,0.8494793104581702 0.64826635597289))	107
23	20	POLYGON((0.9735434098097601 0.64826635597289,1.0976075091613502 0.64826635597289,1.0976075091613502 0.7916423372788324,0.9735434098097601 0.7916423372788324,0.9735434098097601 0.64826635597289))	77
24	20	POLYGON((1.0976075091613502 0.64826635597289,1.2216716085129402 0.64826635597289,1.2216716085129402 0.7916423372788324,1.0976075091613502 0.7916423372788324,1.0976075091613502 0.64826635597289))	0
25	20	POLYGON((1.2216716085129402 0.64826635597289,1.34573570786453 0.64826635597289,1.34573570786453 0.7916423372788324,1.2216716085129402 0.7916423372788324,1.2216716085129402 0.64826635597289))	0
26	20	POLYGON((1.34573570786453 0.64826635597289,1.46979980721612 0.64826635597289,1.46979980721612 0.7916423372788324,1.34573570786453 0.7916423372788324,1.34573570786453 0.64826635597289))	0
27	20	POLYGON((1.46979980721612 0.64826635597289,1.59386390656771 0.64826635597289,1.59386390656771 0.7916423372788324,1.46979980721612 0.7916423372788324,1.46979980721612 0.64826635597289))	0
28	20	POLYGON((1.59386390656771 0.64826635597289,1.7179280059193 0.64826635597289,1.7179280059193 0.7916423372788324,1.59386390656771 0.7916423372788324,1.59386390656771 0.64826635597289))	0
29	20	POLYGON((1.7179280059193 0.64826635597289,1.84199210527089 0.64826635597289,1.84199210527089 0.7916423372788324,1.7179280059193 0.7916423372788324,1.7179280059193 0.64826635597289))	0
30	20	POLYGON((1.84199210527089 0.64826635597289,1.9660562046224799 0.64826635597289,1.9660562046224799 0.7916423372788324,1.84199210527089 0.7916423372788324,1.84199210527089 0.64826635597289))	0
31	20	POLYGON((1.9660562046224799 0.64826635597289,2.09012030397407 0.64826635597289,2.09012030397407 0.7916423372788324,1.9660562046224799 0.7916423372788324,1.9660562046224799 0.64826635597289))	0
0	21	POLYGON((-1.87993087527681 0.7916423372788324,-1.75586677592522 0.7916423372788324,-1.75586677592522 0.9350183185847749,-1.87993087527681 0.9350183185847749,-1.87993087527681 0.7916423372788324))	0
1	21	POLYGON((-1.75586677592522 0.7916423372788324,-1.63180267657363 0.7916423372788324,-1.63180267657363 0.9350183185847749,-1.75586677592522 0.9350183185847749,-1.75586677592522 0.7916423372788324))	0
2	21	POLYGON((-1.63180267657363 0.7916423372788324,-1.50773857722204 0.7916423372788324,-1.50773857722204 0.9350183185847749,-1.63180267657363 0.9350183185847749,-1.63180267657363 0.7916423372788324))	0
3	21	POLYGON((-1.50773857722204 0.7916423372788324,-1.3836744778704502 0.7916423372788324,-1.3836744778704502 0.9350183185847749,-1.50773857722204 0.9350183185847749,-1.50773857722204 0.7916423372788324))	0
4	21	POLYGON((-1.3836744778704502 0.7916423372788324,-1.2596103785188602 0.7916423372788324,-1.2596103785188602 0.9350183185847749,-1.3836744778704502 0.9350183185847749,-1.3836744778704502 0.7916423372788324))	0
5	21	POLYGON((-1.2596103785188602 0.7916423372788324,-1.13554627916727 0.7916423372788324,-1.13554627916727 0.9350183185847749,-1.2596103785188602 0.9350183185847749,-1.2596103785188602 0.7916423372788324))	0
6	21	POLYGON((-1.13554627916727 0.7916423372788324,-1.0114821798156801 0.7916423372788324,-1.0114821798156801 0.9350183185847749,-1.13554627916727 0.9350183185847749,-1.13554627916727 0.7916423372788324))	0
7	21	POLYGON((-1.0114821798156801 0.7916423372788324,-0.88741808046409 0.7916423372788324,-0.88741808046409 0.9350183185847749,-1.0114821798156801 0.9350183185847749,-1.0114821798156801 0.7916423372788324))	0
8	21	POLYGON((-0.88741808046409 0.7916423372788324,-0.7633539811124999 0.7916423372788324,-0.7633539811124999 0.9350183185847749,-0.88741808046409 0.9350183185847749,-0.88741808046409 0.7916423372788324))	0
9	21	POLYGON((-0.7633539811124999 0.7916423372788324,-0.6392898817609101 0.7916423372788324,-0.6392898817609101 0.9350183185847749,-0.7633539811124999 0.9350183185847749,-0.7633539811124999 0.7916423372788324))	0
10	21	POLYGON((-0.6392898817609101 0.7916423372788324,-0.5152257824093199 0.7916423372788324,-0.5152257824093199 0.9350183185847749,-0.6392898817609101 0.9350183185847749,-0.6392898817609101 0.7916423372788324))	0
11	21	POLYGON((-0.5152257824093199 0.7916423372788324,-0.3911616830577298 0.7916423372788324,-0.3911616830577298 0.9350183185847749,-0.5152257824093199 0.9350183185847749,-0.5152257824093199 0.7916423372788324))	0
12	21	POLYGON((-0.3911616830577298 0.7916423372788324,-0.26709758370614 0.7916423372788324,-0.26709758370614 0.9350183185847749,-0.3911616830577298 0.9350183185847749,-0.3911616830577298 0.7916423372788324))	0
13	21	POLYGON((-0.26709758370614 0.7916423372788324,-0.14303348435454988 0.7916423372788324,-0.14303348435454988 0.9350183185847749,-0.26709758370614 0.9350183185847749,-0.26709758370614 0.7916423372788324))	0
14	21	POLYGON((-0.14303348435454988 0.7916423372788324,-0.01896938500295997 0.7916423372788324,-0.01896938500295997 0.9350183185847749,-0.14303348435454988 0.9350183185847749,-0.14303348435454988 0.7916423372788324))	0
15	21	POLYGON((-0.01896938500295997 0.7916423372788324,0.10509471434863005 0.7916423372788324,0.10509471434863005 0.9350183185847749,-0.01896938500295997 0.9350183185847749,-0.01896938500295997 0.7916423372788324))	362
16	21	POLYGON((0.10509471434863005 0.7916423372788324,0.22915881370021995 0.7916423372788324,0.22915881370021995 0.9350183185847749,0.10509471434863005 0.9350183185847749,0.10509471434863005 0.7916423372788324))	403
17	21	POLYGON((0.22915881370021995 0.7916423372788324,0.3532229130518101 0.7916423372788324,0.3532229130518101 0.9350183185847749,0.22915881370021995 0.9350183185847749,0.22915881370021995 0.7916423372788324))	247
18	21	POLYGON((0.3532229130518101 0.7916423372788324,0.4772870124034001 0.7916423372788324,0.4772870124034001 0.9350183185847749,0.3532229130518101 0.9350183185847749,0.3532229130518101 0.7916423372788324))	28
19	21	POLYGON((0.4772870124034001 0.7916423372788324,0.60135111175499 0.7916423372788324,0.60135111175499 0.9350183185847749,0.4772870124034001 0.9350183185847749,0.4772870124034001 0.7916423372788324))	495
20	21	POLYGON((0.60135111175499 0.7916423372788324,0.7254152111065801 0.7916423372788324,0.7254152111065801 0.9350183185847749,0.60135111175499 0.9350183185847749,0.60135111175499 0.7916423372788324))	228
21	21	POLYGON((0.7254152111065801 0.7916423372788324,0.8494793104581702 0.7916423372788324,0.8494793104581702 0.9350183185847749,0.7254152111065801 0.9350183185847749,0.7254152111065801 0.7916423372788324))	131
22	21	POLYGON((0.8494793104581702 0.7916423372788324,0.9735434098097601 0.7916423372788324,0.9735434098097601 0.9350183185847749,0.8494793104581702 0.9350183185847749,0.8494793104581702 0.7916423372788324))	1829
23	21	POLYGON((0.9735434098097601 0.7916423372788324,1.0976075091613502 0.7916423372788324,1.0976075091613502 0.9350183185847749,0.9735434098097601 0.9350183185847749,0.9735434098097601 0.7916423372788324))	270
24	21	POLYGON((1.0976075091613502 0.7916423372788324,1.2216716085129402 0.7916423372788324,1.2216716085129402 0.9350183185847749,1.0976075091613502 0.9350183185847749,1.0976075091613502 0.7916423372788324))	0
25	21	POLYGON((1.2216716085129402 0.7916423372788324,1.34573570786453 0.7916423372788324,1.34573570786453 0.9350183185847749,1.2216716085129402 0.9350183185847749,1.2216716085129402 0.7916423372788324))	0
26	21	POLYGON((1.34573570786453 0.7916423372788324,1.46979980721612 0.7916423372788324,1.46979980721612 0.9350183185847749,1.34573570786453 0.9350183185847749,1.34573570786453 0.7916423372788324))	0
27	21	POLYGON((1.46979980721612 0.7916423372788324,1.59386390656771 0.7916423372788324,1.59386390656771 0.9350183185847749,1.46979980721612 0.9350183185847749,1.46979980721612 0.7916423372788324))	0
28	21	POLYGON((1.59386390656771 0.7916423372788324,1.7179280059193 0.7916423372788324,1.7179280059193 0.9350183185847749,1.59386390656771 0.9350183185847749,1.59386390656771 0.7916423372788324))	0
29	21	POLYGON((1.7179280059193 0.7916423372788324,1.84199210527089 0.7916423372788324,1.84199210527089 0.9350183185847749,1.7179280059193 0.9350183185847749,1.7179280059193 0.7916423372788324))	0
30	21	POLYGON((1.84199210527089 0.7916423372788324,1.9660562046224799 0.7916423372788324,1.9660562046224799 0.9350183185847749,1.84199210527089 0.9350183185847749,1.84199210527089 0.7916423372788324))	0
31	21	POLYGON((1.9660562046224799 0.7916423372788324,2.09012030397407 0.7916423372788324,2.09012030397407 0.9350183185847749,1.9660562046224799 0.9350183185847749,1.9660562046224799 0.7916423372788324))	0
0	22	POLYGON((-1.87993087527681 0.9350183185847749,-1.75586677592522 0.9350183185847749,-1.75586677592522 1.0783942998907174,-1.87993087527681 1.0783942998907174,-1.87993087527681 0.9350183185847749))	0
1	22	POLYGON((-1.75586677592522 0.9350183185847749,-1.63180267657363 0.9350183185847749,-1.63180267657363 1.0783942998907174,-1.75586677592522 1.0783942998907174,-1.75586677592522 0.9350183185847749))	0
2	22	POLYGON((-1.63180267657363 0.9350183185847749,-1.50773857722204 0.9350183185847749,-1.50773857722204 1.0783942998907174,-1.63180267657363 1.0783942998907174,-1.63180267657363 0.9350183185847749))	0
3	22	POLYGON((-1.50773857722204 0.9350183185847749,-1.3836744778704502 0.9350183185847749,-1.3836744778704502 1.0783942998907174,-1.50773857722204 1.0783942998907174,-1.50773857722204 0.9350183185847749))	0
4	22	POLYGON((-1.3836744778704502 0.9350183185847749,-1.2596103785188602 0.9350183185847749,-1.2596103785188602 1.0783942998907174,-1.3836744778704502 1.0783942998907174,-1.3836744778704502 0.9350183185847749))	0
5	22	POLYGON((-1.2596103785188602 0.9350183185847749,-1.13554627916727 0.9350183185847749,-1.13554627916727 1.0783942998907174,-1.2596103785188602 1.0783942998907174,-1.2596103785188602 0.9350183185847749))	0
6	22	POLYGON((-1.13554627916727 0.9350183185847749,-1.0114821798156801 0.9350183185847749,-1.0114821798156801 1.0783942998907174,-1.13554627916727 1.0783942998907174,-1.13554627916727 0.9350183185847749))	0
7	22	POLYGON((-1.0114821798156801 0.9350183185847749,-0.88741808046409 0.9350183185847749,-0.88741808046409 1.0783942998907174,-1.0114821798156801 1.0783942998907174,-1.0114821798156801 0.9350183185847749))	0
8	22	POLYGON((-0.88741808046409 0.9350183185847749,-0.7633539811124999 0.9350183185847749,-0.7633539811124999 1.0783942998907174,-0.88741808046409 1.0783942998907174,-0.88741808046409 0.9350183185847749))	0
9	22	POLYGON((-0.7633539811124999 0.9350183185847749,-0.6392898817609101 0.9350183185847749,-0.6392898817609101 1.0783942998907174,-0.7633539811124999 1.0783942998907174,-0.7633539811124999 0.9350183185847749))	0
10	22	POLYGON((-0.6392898817609101 0.9350183185847749,-0.5152257824093199 0.9350183185847749,-0.5152257824093199 1.0783942998907174,-0.6392898817609101 1.0783942998907174,-0.6392898817609101 0.9350183185847749))	0
11	22	POLYGON((-0.5152257824093199 0.9350183185847749,-0.3911616830577298 0.9350183185847749,-0.3911616830577298 1.0783942998907174,-0.5152257824093199 1.0783942998907174,-0.5152257824093199 0.9350183185847749))	0
12	22	POLYGON((-0.3911616830577298 0.9350183185847749,-0.26709758370614 0.9350183185847749,-0.26709758370614 1.0783942998907174,-0.3911616830577298 1.0783942998907174,-0.3911616830577298 0.9350183185847749))	0
13	22	POLYGON((-0.26709758370614 0.9350183185847749,-0.14303348435454988 0.9350183185847749,-0.14303348435454988 1.0783942998907174,-0.26709758370614 1.0783942998907174,-0.26709758370614 0.9350183185847749))	0
14	22	POLYGON((-0.14303348435454988 0.9350183185847749,-0.01896938500295997 0.9350183185847749,-0.01896938500295997 1.0783942998907174,-0.14303348435454988 1.0783942998907174,-0.14303348435454988 0.9350183185847749))	0
15	22	POLYGON((-0.01896938500295997 0.9350183185847749,0.10509471434863005 0.9350183185847749,0.10509471434863005 1.0783942998907174,-0.01896938500295997 1.0783942998907174,-0.01896938500295997 0.9350183185847749))	283
16	22	POLYGON((0.10509471434863005 0.9350183185847749,0.22915881370021995 0.9350183185847749,0.22915881370021995 1.0783942998907174,0.10509471434863005 1.0783942998907174,0.10509471434863005 0.9350183185847749))	2451
17	22	POLYGON((0.22915881370021995 0.9350183185847749,0.3532229130518101 0.9350183185847749,0.3532229130518101 1.0783942998907174,0.22915881370021995 1.0783942998907174,0.22915881370021995 0.9350183185847749))	3704
18	22	POLYGON((0.3532229130518101 0.9350183185847749,0.4772870124034001 0.9350183185847749,0.4772870124034001 1.0783942998907174,0.3532229130518101 1.0783942998907174,0.3532229130518101 0.9350183185847749))	528
19	22	POLYGON((0.4772870124034001 0.9350183185847749,0.60135111175499 0.9350183185847749,0.60135111175499 1.0783942998907174,0.4772870124034001 1.0783942998907174,0.4772870124034001 0.9350183185847749))	266
20	22	POLYGON((0.60135111175499 0.9350183185847749,0.7254152111065801 0.9350183185847749,0.7254152111065801 1.0783942998907174,0.60135111175499 1.0783942998907174,0.60135111175499 0.9350183185847749))	338
21	22	POLYGON((0.7254152111065801 0.9350183185847749,0.8494793104581702 0.9350183185847749,0.8494793104581702 1.0783942998907174,0.7254152111065801 1.0783942998907174,0.7254152111065801 0.9350183185847749))	228
22	22	POLYGON((0.8494793104581702 0.9350183185847749,0.9735434098097601 0.9350183185847749,0.9735434098097601 1.0783942998907174,0.8494793104581702 1.0783942998907174,0.8494793104581702 0.9350183185847749))	928
23	22	POLYGON((0.9735434098097601 0.9350183185847749,1.0976075091613502 0.9350183185847749,1.0976075091613502 1.0783942998907174,0.9735434098097601 1.0783942998907174,0.9735434098097601 0.9350183185847749))	1131
24	22	POLYGON((1.0976075091613502 0.9350183185847749,1.2216716085129402 0.9350183185847749,1.2216716085129402 1.0783942998907174,1.0976075091613502 1.0783942998907174,1.0976075091613502 0.9350183185847749))	0
25	22	POLYGON((1.2216716085129402 0.9350183185847749,1.34573570786453 0.9350183185847749,1.34573570786453 1.0783942998907174,1.2216716085129402 1.0783942998907174,1.2216716085129402 0.9350183185847749))	0
26	22	POLYGON((1.34573570786453 0.9350183185847749,1.46979980721612 0.9350183185847749,1.46979980721612 1.0783942998907174,1.34573570786453 1.0783942998907174,1.34573570786453 0.9350183185847749))	0
27	22	POLYGON((1.46979980721612 0.9350183185847749,1.59386390656771 0.9350183185847749,1.59386390656771 1.0783942998907174,1.46979980721612 1.0783942998907174,1.46979980721612 0.9350183185847749))	0
28	22	POLYGON((1.59386390656771 0.9350183185847749,1.7179280059193 0.9350183185847749,1.7179280059193 1.0783942998907174,1.59386390656771 1.0783942998907174,1.59386390656771 0.9350183185847749))	0
29	22	POLYGON((1.7179280059193 0.9350183185847749,1.84199210527089 0.9350183185847749,1.84199210527089 1.0783942998907174,1.7179280059193 1.0783942998907174,1.7179280059193 0.9350183185847749))	0
30	22	POLYGON((1.84199210527089 0.9350183185847749,1.9660562046224799 0.9350183185847749,1.9660562046224799 1.0783942998907174,1.84199210527089 1.0783942998907174,1.84199210527089 0.9350183185847749))	0
31	22	POLYGON((1.9660562046224799 0.9350183185847749,2.09012030397407 0.9350183185847749,2.09012030397407 1.0783942998907174,1.9660562046224799 1.0783942998907174,1.9660562046224799 0.9350183185847749))	0
0	23	POLYGON((-1.87993087527681 1.0783942998907174,-1.75586677592522 1.0783942998907174,-1.75586677592522 1.2217702811966598,-1.87993087527681 1.2217702811966598,-1.87993087527681 1.0783942998907174))	0
1	23	POLYGON((-1.75586677592522 1.0783942998907174,-1.63180267657363 1.0783942998907174,-1.63180267657363 1.2217702811966598,-1.75586677592522 1.2217702811966598,-1.75586677592522 1.0783942998907174))	0
2	23	POLYGON((-1.63180267657363 1.0783942998907174,-1.50773857722204 1.0783942998907174,-1.50773857722204 1.2217702811966598,-1.63180267657363 1.2217702811966598,-1.63180267657363 1.0783942998907174))	0
3	23	POLYGON((-1.50773857722204 1.0783942998907174,-1.3836744778704502 1.0783942998907174,-1.3836744778704502 1.2217702811966598,-1.50773857722204 1.2217702811966598,-1.50773857722204 1.0783942998907174))	0
4	23	POLYGON((-1.3836744778704502 1.0783942998907174,-1.2596103785188602 1.0783942998907174,-1.2596103785188602 1.2217702811966598,-1.3836744778704502 1.2217702811966598,-1.3836744778704502 1.0783942998907174))	0
5	23	POLYGON((-1.2596103785188602 1.0783942998907174,-1.13554627916727 1.0783942998907174,-1.13554627916727 1.2217702811966598,-1.2596103785188602 1.2217702811966598,-1.2596103785188602 1.0783942998907174))	0
6	23	POLYGON((-1.13554627916727 1.0783942998907174,-1.0114821798156801 1.0783942998907174,-1.0114821798156801 1.2217702811966598,-1.13554627916727 1.2217702811966598,-1.13554627916727 1.0783942998907174))	0
7	23	POLYGON((-1.0114821798156801 1.0783942998907174,-0.88741808046409 1.0783942998907174,-0.88741808046409 1.2217702811966598,-1.0114821798156801 1.2217702811966598,-1.0114821798156801 1.0783942998907174))	0
8	23	POLYGON((-0.88741808046409 1.0783942998907174,-0.7633539811124999 1.0783942998907174,-0.7633539811124999 1.2217702811966598,-0.88741808046409 1.2217702811966598,-0.88741808046409 1.0783942998907174))	0
9	23	POLYGON((-0.7633539811124999 1.0783942998907174,-0.6392898817609101 1.0783942998907174,-0.6392898817609101 1.2217702811966598,-0.7633539811124999 1.2217702811966598,-0.7633539811124999 1.0783942998907174))	0
10	23	POLYGON((-0.6392898817609101 1.0783942998907174,-0.5152257824093199 1.0783942998907174,-0.5152257824093199 1.2217702811966598,-0.6392898817609101 1.2217702811966598,-0.6392898817609101 1.0783942998907174))	0
11	23	POLYGON((-0.5152257824093199 1.0783942998907174,-0.3911616830577298 1.0783942998907174,-0.3911616830577298 1.2217702811966598,-0.5152257824093199 1.2217702811966598,-0.5152257824093199 1.0783942998907174))	0
12	23	POLYGON((-0.3911616830577298 1.0783942998907174,-0.26709758370614 1.0783942998907174,-0.26709758370614 1.2217702811966598,-0.3911616830577298 1.2217702811966598,-0.3911616830577298 1.0783942998907174))	0
13	23	POLYGON((-0.26709758370614 1.0783942998907174,-0.14303348435454988 1.0783942998907174,-0.14303348435454988 1.2217702811966598,-0.26709758370614 1.2217702811966598,-0.26709758370614 1.0783942998907174))	0
14	23	POLYGON((-0.14303348435454988 1.0783942998907174,-0.01896938500295997 1.0783942998907174,-0.01896938500295997 1.2217702811966598,-0.14303348435454988 1.2217702811966598,-0.14303348435454988 1.0783942998907174))	0
15	23	POLYGON((-0.01896938500295997 1.0783942998907174,0.10509471434863005 1.0783942998907174,0.10509471434863005 1.2217702811966598,-0.01896938500295997 1.2217702811966598,-0.01896938500295997 1.0783942998907174))	0
16	23	POLYGON((0.10509471434863005 1.0783942998907174,0.22915881370021995 1.0783942998907174,0.22915881370021995 1.2217702811966598,0.10509471434863005 1.2217702811966598,0.10509471434863005 1.0783942998907174))	0
17	23	POLYGON((0.22915881370021995 1.0783942998907174,0.3532229130518101 1.0783942998907174,0.3532229130518101 1.2217702811966598,0.22915881370021995 1.2217702811966598,0.22915881370021995 1.0783942998907174))	0
18	23	POLYGON((0.3532229130518101 1.0783942998907174,0.4772870124034001 1.0783942998907174,0.4772870124034001 1.2217702811966598,0.3532229130518101 1.2217702811966598,0.3532229130518101 1.0783942998907174))	0
19	23	POLYGON((0.4772870124034001 1.0783942998907174,0.60135111175499 1.0783942998907174,0.60135111175499 1.2217702811966598,0.4772870124034001 1.2217702811966598,0.4772870124034001 1.0783942998907174))	0
20	23	POLYGON((0.60135111175499 1.0783942998907174,0.7254152111065801 1.0783942998907174,0.7254152111065801 1.2217702811966598,0.60135111175499 1.2217702811966598,0.60135111175499 1.0783942998907174))	0
21	23	POLYGON((0.7254152111065801 1.0783942998907174,0.8494793104581702 1.0783942998907174,0.8494793104581702 1.2217702811966598,0.7254152111065801 1.2217702811966598,0.7254152111065801 1.0783942998907174))	0
22	23	POLYGON((0.8494793104581702 1.0783942998907174,0.9735434098097601 1.0783942998907174,0.9735434098097601 1.2217702811966598,0.8494793104581702 1.2217702811966598,0.8494793104581702 1.0783942998907174))	0
23	23	POLYGON((0.9735434098097601 1.0783942998907174,1.0976075091613502 1.0783942998907174,1.0976075091613502 1.2217702811966598,0.9735434098097601 1.2217702811966598,0.9735434098097601 1.0783942998907174))	0
24	23	POLYGON((1.0976075091613502 1.0783942998907174,1.2216716085129402 1.0783942998907174,1.2216716085129402 1.2217702811966598,1.0976075091613502 1.2217702811966598,1.0976075091613502 1.0783942998907174))	0
25	23	POLYGON((1.2216716085129402 1.0783942998907174,1.34573570786453 1.0783942998907174,1.34573570786453 1.2217702811966598,1.2216716085129402 1.2217702811966598,1.2216716085129402 1.0783942998907174))	0
26	23	POLYGON((1.34573570786453 1.0783942998907174,1.46979980721612 1.0783942998907174,1.46979980721612 1.2217702811966598,1.34573570786453 1.2217702811966598,1.34573570786453 1.0783942998907174))	0
27	23	POLYGON((1.46979980721612 1.0783942998907174,1.59386390656771 1.0783942998907174,1.59386390656771 1.2217702811966598,1.46979980721612 1.2217702811966598,1.46979980721612 1.0783942998907174))	0
28	23	POLYGON((1.59386390656771 1.0783942998907174,1.7179280059193 1.0783942998907174,1.7179280059193 1.2217702811966598,1.59386390656771 1.2217702811966598,1.59386390656771 1.0783942998907174))	0
29	23	POLYGON((1.7179280059193 1.0783942998907174,1.84199210527089 1.0783942998907174,1.84199210527089 1.2217702811966598,1.7179280059193 1.2217702811966598,1.7179280059193 1.0783942998907174))	0
30	23	POLYGON((1.84199210527089 1.0783942998907174,1.9660562046224799 1.0783942998907174,1.9660562046224799 1.2217702811966598,1.84199210527089 1.2217702811966598,1.84199210527089 1.0783942998907174))	0
31	23	POLYGON((1.9660562046224799 1.0783942998907174,2.09012030397407 1.0783942998907174,2.09012030397407 1.2217702811966598,1.9660562046224799 1.2217702811966598,1.9660562046224799 1.0783942998907174))	0
0	24	POLYGON((-1.87993087527681 1.2217702811966598,-1.75586677592522 1.2217702811966598,-1.75586677592522 1.3651462625026025,-1.87993087527681 1.3651462625026025,-1.87993087527681 1.2217702811966598))	0
1	24	POLYGON((-1.75586677592522 1.2217702811966598,-1.63180267657363 1.2217702811966598,-1.63180267657363 1.3651462625026025,-1.75586677592522 1.3651462625026025,-1.75586677592522 1.2217702811966598))	0
2	24	POLYGON((-1.63180267657363 1.2217702811966598,-1.50773857722204 1.2217702811966598,-1.50773857722204 1.3651462625026025,-1.63180267657363 1.3651462625026025,-1.63180267657363 1.2217702811966598))	0
3	24	POLYGON((-1.50773857722204 1.2217702811966598,-1.3836744778704502 1.2217702811966598,-1.3836744778704502 1.3651462625026025,-1.50773857722204 1.3651462625026025,-1.50773857722204 1.2217702811966598))	0
4	24	POLYGON((-1.3836744778704502 1.2217702811966598,-1.2596103785188602 1.2217702811966598,-1.2596103785188602 1.3651462625026025,-1.3836744778704502 1.3651462625026025,-1.3836744778704502 1.2217702811966598))	0
5	24	POLYGON((-1.2596103785188602 1.2217702811966598,-1.13554627916727 1.2217702811966598,-1.13554627916727 1.3651462625026025,-1.2596103785188602 1.3651462625026025,-1.2596103785188602 1.2217702811966598))	0
6	24	POLYGON((-1.13554627916727 1.2217702811966598,-1.0114821798156801 1.2217702811966598,-1.0114821798156801 1.3651462625026025,-1.13554627916727 1.3651462625026025,-1.13554627916727 1.2217702811966598))	0
7	24	POLYGON((-1.0114821798156801 1.2217702811966598,-0.88741808046409 1.2217702811966598,-0.88741808046409 1.3651462625026025,-1.0114821798156801 1.3651462625026025,-1.0114821798156801 1.2217702811966598))	0
8	24	POLYGON((-0.88741808046409 1.2217702811966598,-0.7633539811124999 1.2217702811966598,-0.7633539811124999 1.3651462625026025,-0.88741808046409 1.3651462625026025,-0.88741808046409 1.2217702811966598))	0
9	24	POLYGON((-0.7633539811124999 1.2217702811966598,-0.6392898817609101 1.2217702811966598,-0.6392898817609101 1.3651462625026025,-0.7633539811124999 1.3651462625026025,-0.7633539811124999 1.2217702811966598))	0
10	24	POLYGON((-0.6392898817609101 1.2217702811966598,-0.5152257824093199 1.2217702811966598,-0.5152257824093199 1.3651462625026025,-0.6392898817609101 1.3651462625026025,-0.6392898817609101 1.2217702811966598))	0
11	24	POLYGON((-0.5152257824093199 1.2217702811966598,-0.3911616830577298 1.2217702811966598,-0.3911616830577298 1.3651462625026025,-0.5152257824093199 1.3651462625026025,-0.5152257824093199 1.2217702811966598))	0
12	24	POLYGON((-0.3911616830577298 1.2217702811966598,-0.26709758370614 1.2217702811966598,-0.26709758370614 1.3651462625026025,-0.3911616830577298 1.3651462625026025,-0.3911616830577298 1.2217702811966598))	0
13	24	POLYGON((-0.26709758370614 1.2217702811966598,-0.14303348435454988 1.2217702811966598,-0.14303348435454988 1.3651462625026025,-0.26709758370614 1.3651462625026025,-0.26709758370614 1.2217702811966598))	0
14	24	POLYGON((-0.14303348435454988 1.2217702811966598,-0.01896938500295997 1.2217702811966598,-0.01896938500295997 1.3651462625026025,-0.14303348435454988 1.3651462625026025,-0.14303348435454988 1.2217702811966598))	0
15	24	POLYGON((-0.01896938500295997 1.2217702811966598,0.10509471434863005 1.2217702811966598,0.10509471434863005 1.3651462625026025,-0.01896938500295997 1.3651462625026025,-0.01896938500295997 1.2217702811966598))	0
16	24	POLYGON((0.10509471434863005 1.2217702811966598,0.22915881370021995 1.2217702811966598,0.22915881370021995 1.3651462625026025,0.10509471434863005 1.3651462625026025,0.10509471434863005 1.2217702811966598))	0
17	24	POLYGON((0.22915881370021995 1.2217702811966598,0.3532229130518101 1.2217702811966598,0.3532229130518101 1.3651462625026025,0.22915881370021995 1.3651462625026025,0.22915881370021995 1.2217702811966598))	0
18	24	POLYGON((0.3532229130518101 1.2217702811966598,0.4772870124034001 1.2217702811966598,0.4772870124034001 1.3651462625026025,0.3532229130518101 1.3651462625026025,0.3532229130518101 1.2217702811966598))	0
19	24	POLYGON((0.4772870124034001 1.2217702811966598,0.60135111175499 1.2217702811966598,0.60135111175499 1.3651462625026025,0.4772870124034001 1.3651462625026025,0.4772870124034001 1.2217702811966598))	0
20	24	POLYGON((0.60135111175499 1.2217702811966598,0.7254152111065801 1.2217702811966598,0.7254152111065801 1.3651462625026025,0.60135111175499 1.3651462625026025,0.60135111175499 1.2217702811966598))	0
21	24	POLYGON((0.7254152111065801 1.2217702811966598,0.8494793104581702 1.2217702811966598,0.8494793104581702 1.3651462625026025,0.7254152111065801 1.3651462625026025,0.7254152111065801 1.2217702811966598))	0
22	24	POLYGON((0.8494793104581702 1.2217702811966598,0.9735434098097601 1.2217702811966598,0.9735434098097601 1.3651462625026025,0.8494793104581702 1.3651462625026025,0.8494793104581702 1.2217702811966598))	0
23	24	POLYGON((0.9735434098097601 1.2217702811966598,1.0976075091613502 1.2217702811966598,1.0976075091613502 1.3651462625026025,0.9735434098097601 1.3651462625026025,0.9735434098097601 1.2217702811966598))	0
24	24	POLYGON((1.0976075091613502 1.2217702811966598,1.2216716085129402 1.2217702811966598,1.2216716085129402 1.3651462625026025,1.0976075091613502 1.3651462625026025,1.0976075091613502 1.2217702811966598))	0
25	24	POLYGON((1.2216716085129402 1.2217702811966598,1.34573570786453 1.2217702811966598,1.34573570786453 1.3651462625026025,1.2216716085129402 1.3651462625026025,1.2216716085129402 1.2217702811966598))	0
26	24	POLYGON((1.34573570786453 1.2217702811966598,1.46979980721612 1.2217702811966598,1.46979980721612 1.3651462625026025,1.34573570786453 1.3651462625026025,1.34573570786453 1.2217702811966598))	0
27	24	POLYGON((1.46979980721612 1.2217702811966598,1.59386390656771 1.2217702811966598,1.59386390656771 1.3651462625026025,1.46979980721612 1.3651462625026025,1.46979980721612 1.2217702811966598))	0
28	24	POLYGON((1.59386390656771 1.2217702811966598,1.7179280059193 1.2217702811966598,1.7179280059193 1.3651462625026025,1.59386390656771 1.3651462625026025,1.59386390656771 1.2217702811966598))	0
29	24	POLYGON((1.7179280059193 1.2217702811966598,1.84199210527089 1.2217702811966598,1.84199210527089 1.3651462625026025,1.7179280059193 1.3651462625026025,1.7179280059193 1.2217702811966598))	0
30	24	POLYGON((1.84199210527089 1.2217702811966598,1.9660562046224799 1.2217702811966598,1.9660562046224799 1.3651462625026025,1.84199210527089 1.3651462625026025,1.84199210527089 1.2217702811966598))	0
31	24	POLYGON((1.9660562046224799 1.2217702811966598,2.09012030397407 1.2217702811966598,2.09012030397407 1.3651462625026025,1.9660562046224799 1.3651462625026025,1.9660562046224799 1.2217702811966598))	0
0	25	POLYGON((-1.87993087527681 1.3651462625026025,-1.75586677592522 1.3651462625026025,-1.75586677592522 1.5085222438085448,-1.87993087527681 1.5085222438085448,-1.87993087527681 1.3651462625026025))	0
1	25	POLYGON((-1.75586677592522 1.3651462625026025,-1.63180267657363 1.3651462625026025,-1.63180267657363 1.5085222438085448,-1.75586677592522 1.5085222438085448,-1.75586677592522 1.3651462625026025))	0
2	25	POLYGON((-1.63180267657363 1.3651462625026025,-1.50773857722204 1.3651462625026025,-1.50773857722204 1.5085222438085448,-1.63180267657363 1.5085222438085448,-1.63180267657363 1.3651462625026025))	0
3	25	POLYGON((-1.50773857722204 1.3651462625026025,-1.3836744778704502 1.3651462625026025,-1.3836744778704502 1.5085222438085448,-1.50773857722204 1.5085222438085448,-1.50773857722204 1.3651462625026025))	0
4	25	POLYGON((-1.3836744778704502 1.3651462625026025,-1.2596103785188602 1.3651462625026025,-1.2596103785188602 1.5085222438085448,-1.3836744778704502 1.5085222438085448,-1.3836744778704502 1.3651462625026025))	0
5	25	POLYGON((-1.2596103785188602 1.3651462625026025,-1.13554627916727 1.3651462625026025,-1.13554627916727 1.5085222438085448,-1.2596103785188602 1.5085222438085448,-1.2596103785188602 1.3651462625026025))	0
6	25	POLYGON((-1.13554627916727 1.3651462625026025,-1.0114821798156801 1.3651462625026025,-1.0114821798156801 1.5085222438085448,-1.13554627916727 1.5085222438085448,-1.13554627916727 1.3651462625026025))	0
7	25	POLYGON((-1.0114821798156801 1.3651462625026025,-0.88741808046409 1.3651462625026025,-0.88741808046409 1.5085222438085448,-1.0114821798156801 1.5085222438085448,-1.0114821798156801 1.3651462625026025))	0
8	25	POLYGON((-0.88741808046409 1.3651462625026025,-0.7633539811124999 1.3651462625026025,-0.7633539811124999 1.5085222438085448,-0.88741808046409 1.5085222438085448,-0.88741808046409 1.3651462625026025))	0
9	25	POLYGON((-0.7633539811124999 1.3651462625026025,-0.6392898817609101 1.3651462625026025,-0.6392898817609101 1.5085222438085448,-0.7633539811124999 1.5085222438085448,-0.7633539811124999 1.3651462625026025))	0
10	25	POLYGON((-0.6392898817609101 1.3651462625026025,-0.5152257824093199 1.3651462625026025,-0.5152257824093199 1.5085222438085448,-0.6392898817609101 1.5085222438085448,-0.6392898817609101 1.3651462625026025))	0
11	25	POLYGON((-0.5152257824093199 1.3651462625026025,-0.3911616830577298 1.3651462625026025,-0.3911616830577298 1.5085222438085448,-0.5152257824093199 1.5085222438085448,-0.5152257824093199 1.3651462625026025))	0
12	25	POLYGON((-0.3911616830577298 1.3651462625026025,-0.26709758370614 1.3651462625026025,-0.26709758370614 1.5085222438085448,-0.3911616830577298 1.5085222438085448,-0.3911616830577298 1.3651462625026025))	0
13	25	POLYGON((-0.26709758370614 1.3651462625026025,-0.14303348435454988 1.3651462625026025,-0.14303348435454988 1.5085222438085448,-0.26709758370614 1.5085222438085448,-0.26709758370614 1.3651462625026025))	0
14	25	POLYGON((-0.14303348435454988 1.3651462625026025,-0.01896938500295997 1.3651462625026025,-0.01896938500295997 1.5085222438085448,-0.14303348435454988 1.5085222438085448,-0.14303348435454988 1.3651462625026025))	0
15	25	POLYGON((-0.01896938500295997 1.3651462625026025,0.10509471434863005 1.3651462625026025,0.10509471434863005 1.5085222438085448,-0.01896938500295997 1.5085222438085448,-0.01896938500295997 1.3651462625026025))	0
16	25	POLYGON((0.10509471434863005 1.3651462625026025,0.22915881370021995 1.3651462625026025,0.22915881370021995 1.5085222438085448,0.10509471434863005 1.5085222438085448,0.10509471434863005 1.3651462625026025))	0
17	25	POLYGON((0.22915881370021995 1.3651462625026025,0.3532229130518101 1.3651462625026025,0.3532229130518101 1.5085222438085448,0.22915881370021995 1.5085222438085448,0.22915881370021995 1.3651462625026025))	0
18	25	POLYGON((0.3532229130518101 1.3651462625026025,0.4772870124034001 1.3651462625026025,0.4772870124034001 1.5085222438085448,0.3532229130518101 1.5085222438085448,0.3532229130518101 1.3651462625026025))	0
19	25	POLYGON((0.4772870124034001 1.3651462625026025,0.60135111175499 1.3651462625026025,0.60135111175499 1.5085222438085448,0.4772870124034001 1.5085222438085448,0.4772870124034001 1.3651462625026025))	0
20	25	POLYGON((0.60135111175499 1.3651462625026025,0.7254152111065801 1.3651462625026025,0.7254152111065801 1.5085222438085448,0.60135111175499 1.5085222438085448,0.60135111175499 1.3651462625026025))	0
21	25	POLYGON((0.7254152111065801 1.3651462625026025,0.8494793104581702 1.3651462625026025,0.8494793104581702 1.5085222438085448,0.7254152111065801 1.5085222438085448,0.7254152111065801 1.3651462625026025))	0
22	25	POLYGON((0.8494793104581702 1.3651462625026025,0.9735434098097601 1.3651462625026025,0.9735434098097601 1.5085222438085448,0.8494793104581702 1.5085222438085448,0.8494793104581702 1.3651462625026025))	0
23	25	POLYGON((0.9735434098097601 1.3651462625026025,1.0976075091613502 1.3651462625026025,1.0976075091613502 1.5085222438085448,0.9735434098097601 1.5085222438085448,0.9735434098097601 1.3651462625026025))	0
24	25	POLYGON((1.0976075091613502 1.3651462625026025,1.2216716085129402 1.3651462625026025,1.2216716085129402 1.5085222438085448,1.0976075091613502 1.5085222438085448,1.0976075091613502 1.3651462625026025))	0
25	25	POLYGON((1.2216716085129402 1.3651462625026025,1.34573570786453 1.3651462625026025,1.34573570786453 1.5085222438085448,1.2216716085129402 1.5085222438085448,1.2216716085129402 1.3651462625026025))	0
26	25	POLYGON((1.34573570786453 1.3651462625026025,1.46979980721612 1.3651462625026025,1.46979980721612 1.5085222438085448,1.34573570786453 1.5085222438085448,1.34573570786453 1.3651462625026025))	0
27	25	POLYGON((1.46979980721612 1.3651462625026025,1.59386390656771 1.3651462625026025,1.59386390656771 1.5085222438085448,1.46979980721612 1.5085222438085448,1.46979980721612 1.3651462625026025))	0
28	25	POLYGON((1.59386390656771 1.3651462625026025,1.7179280059193 1.3651462625026025,1.7179280059193 1.5085222438085448,1.59386390656771 1.5085222438085448,1.59386390656771 1.3651462625026025))	0
29	25	POLYGON((1.7179280059193 1.3651462625026025,1.84199210527089 1.3651462625026025,1.84199210527089 1.5085222438085448,1.7179280059193 1.5085222438085448,1.7179280059193 1.3651462625026025))	0
30	25	POLYGON((1.84199210527089 1.3651462625026025,1.9660562046224799 1.3651462625026025,1.9660562046224799 1.5085222438085448,1.84199210527089 1.5085222438085448,1.84199210527089 1.3651462625026025))	0
31	25	POLYGON((1.9660562046224799 1.3651462625026025,2.09012030397407 1.3651462625026025,2.09012030397407 1.5085222438085448,1.9660562046224799 1.5085222438085448,1.9660562046224799 1.3651462625026025))	0
0	26	POLYGON((-1.87993087527681 1.5085222438085448,-1.75586677592522 1.5085222438085448,-1.75586677592522 1.6518982251144874,-1.87993087527681 1.6518982251144874,-1.87993087527681 1.5085222438085448))	0
1	26	POLYGON((-1.75586677592522 1.5085222438085448,-1.63180267657363 1.5085222438085448,-1.63180267657363 1.6518982251144874,-1.75586677592522 1.6518982251144874,-1.75586677592522 1.5085222438085448))	0
2	26	POLYGON((-1.63180267657363 1.5085222438085448,-1.50773857722204 1.5085222438085448,-1.50773857722204 1.6518982251144874,-1.63180267657363 1.6518982251144874,-1.63180267657363 1.5085222438085448))	0
3	26	POLYGON((-1.50773857722204 1.5085222438085448,-1.3836744778704502 1.5085222438085448,-1.3836744778704502 1.6518982251144874,-1.50773857722204 1.6518982251144874,-1.50773857722204 1.5085222438085448))	0
4	26	POLYGON((-1.3836744778704502 1.5085222438085448,-1.2596103785188602 1.5085222438085448,-1.2596103785188602 1.6518982251144874,-1.3836744778704502 1.6518982251144874,-1.3836744778704502 1.5085222438085448))	0
5	26	POLYGON((-1.2596103785188602 1.5085222438085448,-1.13554627916727 1.5085222438085448,-1.13554627916727 1.6518982251144874,-1.2596103785188602 1.6518982251144874,-1.2596103785188602 1.5085222438085448))	0
6	26	POLYGON((-1.13554627916727 1.5085222438085448,-1.0114821798156801 1.5085222438085448,-1.0114821798156801 1.6518982251144874,-1.13554627916727 1.6518982251144874,-1.13554627916727 1.5085222438085448))	0
7	26	POLYGON((-1.0114821798156801 1.5085222438085448,-0.88741808046409 1.5085222438085448,-0.88741808046409 1.6518982251144874,-1.0114821798156801 1.6518982251144874,-1.0114821798156801 1.5085222438085448))	0
8	26	POLYGON((-0.88741808046409 1.5085222438085448,-0.7633539811124999 1.5085222438085448,-0.7633539811124999 1.6518982251144874,-0.88741808046409 1.6518982251144874,-0.88741808046409 1.5085222438085448))	0
9	26	POLYGON((-0.7633539811124999 1.5085222438085448,-0.6392898817609101 1.5085222438085448,-0.6392898817609101 1.6518982251144874,-0.7633539811124999 1.6518982251144874,-0.7633539811124999 1.5085222438085448))	0
10	26	POLYGON((-0.6392898817609101 1.5085222438085448,-0.5152257824093199 1.5085222438085448,-0.5152257824093199 1.6518982251144874,-0.6392898817609101 1.6518982251144874,-0.6392898817609101 1.5085222438085448))	0
11	26	POLYGON((-0.5152257824093199 1.5085222438085448,-0.3911616830577298 1.5085222438085448,-0.3911616830577298 1.6518982251144874,-0.5152257824093199 1.6518982251144874,-0.5152257824093199 1.5085222438085448))	0
12	26	POLYGON((-0.3911616830577298 1.5085222438085448,-0.26709758370614 1.5085222438085448,-0.26709758370614 1.6518982251144874,-0.3911616830577298 1.6518982251144874,-0.3911616830577298 1.5085222438085448))	0
13	26	POLYGON((-0.26709758370614 1.5085222438085448,-0.14303348435454988 1.5085222438085448,-0.14303348435454988 1.6518982251144874,-0.26709758370614 1.6518982251144874,-0.26709758370614 1.5085222438085448))	0
14	26	POLYGON((-0.14303348435454988 1.5085222438085448,-0.01896938500295997 1.5085222438085448,-0.01896938500295997 1.6518982251144874,-0.14303348435454988 1.6518982251144874,-0.14303348435454988 1.5085222438085448))	0
15	26	POLYGON((-0.01896938500295997 1.5085222438085448,0.10509471434863005 1.5085222438085448,0.10509471434863005 1.6518982251144874,-0.01896938500295997 1.6518982251144874,-0.01896938500295997 1.5085222438085448))	0
16	26	POLYGON((0.10509471434863005 1.5085222438085448,0.22915881370021995 1.5085222438085448,0.22915881370021995 1.6518982251144874,0.10509471434863005 1.6518982251144874,0.10509471434863005 1.5085222438085448))	0
17	26	POLYGON((0.22915881370021995 1.5085222438085448,0.3532229130518101 1.5085222438085448,0.3532229130518101 1.6518982251144874,0.22915881370021995 1.6518982251144874,0.22915881370021995 1.5085222438085448))	0
18	26	POLYGON((0.3532229130518101 1.5085222438085448,0.4772870124034001 1.5085222438085448,0.4772870124034001 1.6518982251144874,0.3532229130518101 1.6518982251144874,0.3532229130518101 1.5085222438085448))	0
19	26	POLYGON((0.4772870124034001 1.5085222438085448,0.60135111175499 1.5085222438085448,0.60135111175499 1.6518982251144874,0.4772870124034001 1.6518982251144874,0.4772870124034001 1.5085222438085448))	0
20	26	POLYGON((0.60135111175499 1.5085222438085448,0.7254152111065801 1.5085222438085448,0.7254152111065801 1.6518982251144874,0.60135111175499 1.6518982251144874,0.60135111175499 1.5085222438085448))	0
21	26	POLYGON((0.7254152111065801 1.5085222438085448,0.8494793104581702 1.5085222438085448,0.8494793104581702 1.6518982251144874,0.7254152111065801 1.6518982251144874,0.7254152111065801 1.5085222438085448))	0
22	26	POLYGON((0.8494793104581702 1.5085222438085448,0.9735434098097601 1.5085222438085448,0.9735434098097601 1.6518982251144874,0.8494793104581702 1.6518982251144874,0.8494793104581702 1.5085222438085448))	0
23	26	POLYGON((0.9735434098097601 1.5085222438085448,1.0976075091613502 1.5085222438085448,1.0976075091613502 1.6518982251144874,0.9735434098097601 1.6518982251144874,0.9735434098097601 1.5085222438085448))	0
24	26	POLYGON((1.0976075091613502 1.5085222438085448,1.2216716085129402 1.5085222438085448,1.2216716085129402 1.6518982251144874,1.0976075091613502 1.6518982251144874,1.0976075091613502 1.5085222438085448))	0
25	26	POLYGON((1.2216716085129402 1.5085222438085448,1.34573570786453 1.5085222438085448,1.34573570786453 1.6518982251144874,1.2216716085129402 1.6518982251144874,1.2216716085129402 1.5085222438085448))	0
26	26	POLYGON((1.34573570786453 1.5085222438085448,1.46979980721612 1.5085222438085448,1.46979980721612 1.6518982251144874,1.34573570786453 1.6518982251144874,1.34573570786453 1.5085222438085448))	0
27	26	POLYGON((1.46979980721612 1.5085222438085448,1.59386390656771 1.5085222438085448,1.59386390656771 1.6518982251144874,1.46979980721612 1.6518982251144874,1.46979980721612 1.5085222438085448))	0
28	26	POLYGON((1.59386390656771 1.5085222438085448,1.7179280059193 1.5085222438085448,1.7179280059193 1.6518982251144874,1.59386390656771 1.6518982251144874,1.59386390656771 1.5085222438085448))	0
29	26	POLYGON((1.7179280059193 1.5085222438085448,1.84199210527089 1.5085222438085448,1.84199210527089 1.6518982251144874,1.7179280059193 1.6518982251144874,1.7179280059193 1.5085222438085448))	0
30	26	POLYGON((1.84199210527089 1.5085222438085448,1.9660562046224799 1.5085222438085448,1.9660562046224799 1.6518982251144874,1.84199210527089 1.6518982251144874,1.84199210527089 1.5085222438085448))	0
31	26	POLYGON((1.9660562046224799 1.5085222438085448,2.09012030397407 1.5085222438085448,2.09012030397407 1.6518982251144874,1.9660562046224799 1.6518982251144874,1.9660562046224799 1.5085222438085448))	0
0	27	POLYGON((-1.87993087527681 1.6518982251144874,-1.75586677592522 1.6518982251144874,-1.75586677592522 1.7952742064204301,-1.87993087527681 1.7952742064204301,-1.87993087527681 1.6518982251144874))	0
1	27	POLYGON((-1.75586677592522 1.6518982251144874,-1.63180267657363 1.6518982251144874,-1.63180267657363 1.7952742064204301,-1.75586677592522 1.7952742064204301,-1.75586677592522 1.6518982251144874))	0
2	27	POLYGON((-1.63180267657363 1.6518982251144874,-1.50773857722204 1.6518982251144874,-1.50773857722204 1.7952742064204301,-1.63180267657363 1.7952742064204301,-1.63180267657363 1.6518982251144874))	0
3	27	POLYGON((-1.50773857722204 1.6518982251144874,-1.3836744778704502 1.6518982251144874,-1.3836744778704502 1.7952742064204301,-1.50773857722204 1.7952742064204301,-1.50773857722204 1.6518982251144874))	0
4	27	POLYGON((-1.3836744778704502 1.6518982251144874,-1.2596103785188602 1.6518982251144874,-1.2596103785188602 1.7952742064204301,-1.3836744778704502 1.7952742064204301,-1.3836744778704502 1.6518982251144874))	0
5	27	POLYGON((-1.2596103785188602 1.6518982251144874,-1.13554627916727 1.6518982251144874,-1.13554627916727 1.7952742064204301,-1.2596103785188602 1.7952742064204301,-1.2596103785188602 1.6518982251144874))	0
6	27	POLYGON((-1.13554627916727 1.6518982251144874,-1.0114821798156801 1.6518982251144874,-1.0114821798156801 1.7952742064204301,-1.13554627916727 1.7952742064204301,-1.13554627916727 1.6518982251144874))	0
7	27	POLYGON((-1.0114821798156801 1.6518982251144874,-0.88741808046409 1.6518982251144874,-0.88741808046409 1.7952742064204301,-1.0114821798156801 1.7952742064204301,-1.0114821798156801 1.6518982251144874))	0
8	27	POLYGON((-0.88741808046409 1.6518982251144874,-0.7633539811124999 1.6518982251144874,-0.7633539811124999 1.7952742064204301,-0.88741808046409 1.7952742064204301,-0.88741808046409 1.6518982251144874))	0
9	27	POLYGON((-0.7633539811124999 1.6518982251144874,-0.6392898817609101 1.6518982251144874,-0.6392898817609101 1.7952742064204301,-0.7633539811124999 1.7952742064204301,-0.7633539811124999 1.6518982251144874))	0
10	27	POLYGON((-0.6392898817609101 1.6518982251144874,-0.5152257824093199 1.6518982251144874,-0.5152257824093199 1.7952742064204301,-0.6392898817609101 1.7952742064204301,-0.6392898817609101 1.6518982251144874))	0
11	27	POLYGON((-0.5152257824093199 1.6518982251144874,-0.3911616830577298 1.6518982251144874,-0.3911616830577298 1.7952742064204301,-0.5152257824093199 1.7952742064204301,-0.5152257824093199 1.6518982251144874))	0
12	27	POLYGON((-0.3911616830577298 1.6518982251144874,-0.26709758370614 1.6518982251144874,-0.26709758370614 1.7952742064204301,-0.3911616830577298 1.7952742064204301,-0.3911616830577298 1.6518982251144874))	0
13	27	POLYGON((-0.26709758370614 1.6518982251144874,-0.14303348435454988 1.6518982251144874,-0.14303348435454988 1.7952742064204301,-0.26709758370614 1.7952742064204301,-0.26709758370614 1.6518982251144874))	0
14	27	POLYGON((-0.14303348435454988 1.6518982251144874,-0.01896938500295997 1.6518982251144874,-0.01896938500295997 1.7952742064204301,-0.14303348435454988 1.7952742064204301,-0.14303348435454988 1.6518982251144874))	0
15	27	POLYGON((-0.01896938500295997 1.6518982251144874,0.10509471434863005 1.6518982251144874,0.10509471434863005 1.7952742064204301,-0.01896938500295997 1.7952742064204301,-0.01896938500295997 1.6518982251144874))	0
16	27	POLYGON((0.10509471434863005 1.6518982251144874,0.22915881370021995 1.6518982251144874,0.22915881370021995 1.7952742064204301,0.10509471434863005 1.7952742064204301,0.10509471434863005 1.6518982251144874))	0
17	27	POLYGON((0.22915881370021995 1.6518982251144874,0.3532229130518101 1.6518982251144874,0.3532229130518101 1.7952742064204301,0.22915881370021995 1.7952742064204301,0.22915881370021995 1.6518982251144874))	0
18	27	POLYGON((0.3532229130518101 1.6518982251144874,0.4772870124034001 1.6518982251144874,0.4772870124034001 1.7952742064204301,0.3532229130518101 1.7952742064204301,0.3532229130518101 1.6518982251144874))	0
19	27	POLYGON((0.4772870124034001 1.6518982251144874,0.60135111175499 1.6518982251144874,0.60135111175499 1.7952742064204301,0.4772870124034001 1.7952742064204301,0.4772870124034001 1.6518982251144874))	0
20	27	POLYGON((0.60135111175499 1.6518982251144874,0.7254152111065801 1.6518982251144874,0.7254152111065801 1.7952742064204301,0.60135111175499 1.7952742064204301,0.60135111175499 1.6518982251144874))	0
21	27	POLYGON((0.7254152111065801 1.6518982251144874,0.8494793104581702 1.6518982251144874,0.8494793104581702 1.7952742064204301,0.7254152111065801 1.7952742064204301,0.7254152111065801 1.6518982251144874))	0
22	27	POLYGON((0.8494793104581702 1.6518982251144874,0.9735434098097601 1.6518982251144874,0.9735434098097601 1.7952742064204301,0.8494793104581702 1.7952742064204301,0.8494793104581702 1.6518982251144874))	0
23	27	POLYGON((0.9735434098097601 1.6518982251144874,1.0976075091613502 1.6518982251144874,1.0976075091613502 1.7952742064204301,0.9735434098097601 1.7952742064204301,0.9735434098097601 1.6518982251144874))	0
24	27	POLYGON((1.0976075091613502 1.6518982251144874,1.2216716085129402 1.6518982251144874,1.2216716085129402 1.7952742064204301,1.0976075091613502 1.7952742064204301,1.0976075091613502 1.6518982251144874))	0
25	27	POLYGON((1.2216716085129402 1.6518982251144874,1.34573570786453 1.6518982251144874,1.34573570786453 1.7952742064204301,1.2216716085129402 1.7952742064204301,1.2216716085129402 1.6518982251144874))	0
26	27	POLYGON((1.34573570786453 1.6518982251144874,1.46979980721612 1.6518982251144874,1.46979980721612 1.7952742064204301,1.34573570786453 1.7952742064204301,1.34573570786453 1.6518982251144874))	0
27	27	POLYGON((1.46979980721612 1.6518982251144874,1.59386390656771 1.6518982251144874,1.59386390656771 1.7952742064204301,1.46979980721612 1.7952742064204301,1.46979980721612 1.6518982251144874))	0
28	27	POLYGON((1.59386390656771 1.6518982251144874,1.7179280059193 1.6518982251144874,1.7179280059193 1.7952742064204301,1.59386390656771 1.7952742064204301,1.59386390656771 1.6518982251144874))	0
29	27	POLYGON((1.7179280059193 1.6518982251144874,1.84199210527089 1.6518982251144874,1.84199210527089 1.7952742064204301,1.7179280059193 1.7952742064204301,1.7179280059193 1.6518982251144874))	0
30	27	POLYGON((1.84199210527089 1.6518982251144874,1.9660562046224799 1.6518982251144874,1.9660562046224799 1.7952742064204301,1.84199210527089 1.7952742064204301,1.84199210527089 1.6518982251144874))	0
31	27	POLYGON((1.9660562046224799 1.6518982251144874,2.09012030397407 1.6518982251144874,2.09012030397407 1.7952742064204301,1.9660562046224799 1.7952742064204301,1.9660562046224799 1.6518982251144874))	0
0	28	POLYGON((-1.87993087527681 1.7952742064204301,-1.75586677592522 1.7952742064204301,-1.75586677592522 1.9386501877263722,-1.87993087527681 1.9386501877263722,-1.87993087527681 1.7952742064204301))	0
1	28	POLYGON((-1.75586677592522 1.7952742064204301,-1.63180267657363 1.7952742064204301,-1.63180267657363 1.9386501877263722,-1.75586677592522 1.9386501877263722,-1.75586677592522 1.7952742064204301))	0
2	28	POLYGON((-1.63180267657363 1.7952742064204301,-1.50773857722204 1.7952742064204301,-1.50773857722204 1.9386501877263722,-1.63180267657363 1.9386501877263722,-1.63180267657363 1.7952742064204301))	0
3	28	POLYGON((-1.50773857722204 1.7952742064204301,-1.3836744778704502 1.7952742064204301,-1.3836744778704502 1.9386501877263722,-1.50773857722204 1.9386501877263722,-1.50773857722204 1.7952742064204301))	0
4	28	POLYGON((-1.3836744778704502 1.7952742064204301,-1.2596103785188602 1.7952742064204301,-1.2596103785188602 1.9386501877263722,-1.3836744778704502 1.9386501877263722,-1.3836744778704502 1.7952742064204301))	0
5	28	POLYGON((-1.2596103785188602 1.7952742064204301,-1.13554627916727 1.7952742064204301,-1.13554627916727 1.9386501877263722,-1.2596103785188602 1.9386501877263722,-1.2596103785188602 1.7952742064204301))	0
6	28	POLYGON((-1.13554627916727 1.7952742064204301,-1.0114821798156801 1.7952742064204301,-1.0114821798156801 1.9386501877263722,-1.13554627916727 1.9386501877263722,-1.13554627916727 1.7952742064204301))	0
7	28	POLYGON((-1.0114821798156801 1.7952742064204301,-0.88741808046409 1.7952742064204301,-0.88741808046409 1.9386501877263722,-1.0114821798156801 1.9386501877263722,-1.0114821798156801 1.7952742064204301))	0
8	28	POLYGON((-0.88741808046409 1.7952742064204301,-0.7633539811124999 1.7952742064204301,-0.7633539811124999 1.9386501877263722,-0.88741808046409 1.9386501877263722,-0.88741808046409 1.7952742064204301))	0
9	28	POLYGON((-0.7633539811124999 1.7952742064204301,-0.6392898817609101 1.7952742064204301,-0.6392898817609101 1.9386501877263722,-0.7633539811124999 1.9386501877263722,-0.7633539811124999 1.7952742064204301))	0
10	28	POLYGON((-0.6392898817609101 1.7952742064204301,-0.5152257824093199 1.7952742064204301,-0.5152257824093199 1.9386501877263722,-0.6392898817609101 1.9386501877263722,-0.6392898817609101 1.7952742064204301))	0
11	28	POLYGON((-0.5152257824093199 1.7952742064204301,-0.3911616830577298 1.7952742064204301,-0.3911616830577298 1.9386501877263722,-0.5152257824093199 1.9386501877263722,-0.5152257824093199 1.7952742064204301))	0
12	28	POLYGON((-0.3911616830577298 1.7952742064204301,-0.26709758370614 1.7952742064204301,-0.26709758370614 1.9386501877263722,-0.3911616830577298 1.9386501877263722,-0.3911616830577298 1.7952742064204301))	0
13	28	POLYGON((-0.26709758370614 1.7952742064204301,-0.14303348435454988 1.7952742064204301,-0.14303348435454988 1.9386501877263722,-0.26709758370614 1.9386501877263722,-0.26709758370614 1.7952742064204301))	0
14	28	POLYGON((-0.14303348435454988 1.7952742064204301,-0.01896938500295997 1.7952742064204301,-0.01896938500295997 1.9386501877263722,-0.14303348435454988 1.9386501877263722,-0.14303348435454988 1.7952742064204301))	0
15	28	POLYGON((-0.01896938500295997 1.7952742064204301,0.10509471434863005 1.7952742064204301,0.10509471434863005 1.9386501877263722,-0.01896938500295997 1.9386501877263722,-0.01896938500295997 1.7952742064204301))	0
16	28	POLYGON((0.10509471434863005 1.7952742064204301,0.22915881370021995 1.7952742064204301,0.22915881370021995 1.9386501877263722,0.10509471434863005 1.9386501877263722,0.10509471434863005 1.7952742064204301))	0
17	28	POLYGON((0.22915881370021995 1.7952742064204301,0.3532229130518101 1.7952742064204301,0.3532229130518101 1.9386501877263722,0.22915881370021995 1.9386501877263722,0.22915881370021995 1.7952742064204301))	0
18	28	POLYGON((0.3532229130518101 1.7952742064204301,0.4772870124034001 1.7952742064204301,0.4772870124034001 1.9386501877263722,0.3532229130518101 1.9386501877263722,0.3532229130518101 1.7952742064204301))	0
19	28	POLYGON((0.4772870124034001 1.7952742064204301,0.60135111175499 1.7952742064204301,0.60135111175499 1.9386501877263722,0.4772870124034001 1.9386501877263722,0.4772870124034001 1.7952742064204301))	0
20	28	POLYGON((0.60135111175499 1.7952742064204301,0.7254152111065801 1.7952742064204301,0.7254152111065801 1.9386501877263722,0.60135111175499 1.9386501877263722,0.60135111175499 1.7952742064204301))	0
21	28	POLYGON((0.7254152111065801 1.7952742064204301,0.8494793104581702 1.7952742064204301,0.8494793104581702 1.9386501877263722,0.7254152111065801 1.9386501877263722,0.7254152111065801 1.7952742064204301))	0
22	28	POLYGON((0.8494793104581702 1.7952742064204301,0.9735434098097601 1.7952742064204301,0.9735434098097601 1.9386501877263722,0.8494793104581702 1.9386501877263722,0.8494793104581702 1.7952742064204301))	0
23	28	POLYGON((0.9735434098097601 1.7952742064204301,1.0976075091613502 1.7952742064204301,1.0976075091613502 1.9386501877263722,0.9735434098097601 1.9386501877263722,0.9735434098097601 1.7952742064204301))	0
24	28	POLYGON((1.0976075091613502 1.7952742064204301,1.2216716085129402 1.7952742064204301,1.2216716085129402 1.9386501877263722,1.0976075091613502 1.9386501877263722,1.0976075091613502 1.7952742064204301))	0
25	28	POLYGON((1.2216716085129402 1.7952742064204301,1.34573570786453 1.7952742064204301,1.34573570786453 1.9386501877263722,1.2216716085129402 1.9386501877263722,1.2216716085129402 1.7952742064204301))	0
26	28	POLYGON((1.34573570786453 1.7952742064204301,1.46979980721612 1.7952742064204301,1.46979980721612 1.9386501877263722,1.34573570786453 1.9386501877263722,1.34573570786453 1.7952742064204301))	0
27	28	POLYGON((1.46979980721612 1.7952742064204301,1.59386390656771 1.7952742064204301,1.59386390656771 1.9386501877263722,1.46979980721612 1.9386501877263722,1.46979980721612 1.7952742064204301))	0
28	28	POLYGON((1.59386390656771 1.7952742064204301,1.7179280059193 1.7952742064204301,1.7179280059193 1.9386501877263722,1.59386390656771 1.9386501877263722,1.59386390656771 1.7952742064204301))	0
29	28	POLYGON((1.7179280059193 1.7952742064204301,1.84199210527089 1.7952742064204301,1.84199210527089 1.9386501877263722,1.7179280059193 1.9386501877263722,1.7179280059193 1.7952742064204301))	0
30	28	POLYGON((1.84199210527089 1.7952742064204301,1.9660562046224799 1.7952742064204301,1.9660562046224799 1.9386501877263722,1.84199210527089 1.9386501877263722,1.84199210527089 1.7952742064204301))	0
31	28	POLYGON((1.9660562046224799 1.7952742064204301,2.09012030397407 1.7952742064204301,2.09012030397407 1.9386501877263722,1.9660562046224799 1.9386501877263722,1.9660562046224799 1.7952742064204301))	0
0	29	POLYGON((-1.87993087527681 1.9386501877263722,-1.75586677592522 1.9386501877263722,-1.75586677592522 2.0820261690323147,-1.87993087527681 2.0820261690323147,-1.87993087527681 1.9386501877263722))	0
1	29	POLYGON((-1.75586677592522 1.9386501877263722,-1.63180267657363 1.9386501877263722,-1.63180267657363 2.0820261690323147,-1.75586677592522 2.0820261690323147,-1.75586677592522 1.9386501877263722))	0
2	29	POLYGON((-1.63180267657363 1.9386501877263722,-1.50773857722204 1.9386501877263722,-1.50773857722204 2.0820261690323147,-1.63180267657363 2.0820261690323147,-1.63180267657363 1.9386501877263722))	0
3	29	POLYGON((-1.50773857722204 1.9386501877263722,-1.3836744778704502 1.9386501877263722,-1.3836744778704502 2.0820261690323147,-1.50773857722204 2.0820261690323147,-1.50773857722204 1.9386501877263722))	0
4	29	POLYGON((-1.3836744778704502 1.9386501877263722,-1.2596103785188602 1.9386501877263722,-1.2596103785188602 2.0820261690323147,-1.3836744778704502 2.0820261690323147,-1.3836744778704502 1.9386501877263722))	0
5	29	POLYGON((-1.2596103785188602 1.9386501877263722,-1.13554627916727 1.9386501877263722,-1.13554627916727 2.0820261690323147,-1.2596103785188602 2.0820261690323147,-1.2596103785188602 1.9386501877263722))	0
6	29	POLYGON((-1.13554627916727 1.9386501877263722,-1.0114821798156801 1.9386501877263722,-1.0114821798156801 2.0820261690323147,-1.13554627916727 2.0820261690323147,-1.13554627916727 1.9386501877263722))	0
7	29	POLYGON((-1.0114821798156801 1.9386501877263722,-0.88741808046409 1.9386501877263722,-0.88741808046409 2.0820261690323147,-1.0114821798156801 2.0820261690323147,-1.0114821798156801 1.9386501877263722))	0
8	29	POLYGON((-0.88741808046409 1.9386501877263722,-0.7633539811124999 1.9386501877263722,-0.7633539811124999 2.0820261690323147,-0.88741808046409 2.0820261690323147,-0.88741808046409 1.9386501877263722))	0
9	29	POLYGON((-0.7633539811124999 1.9386501877263722,-0.6392898817609101 1.9386501877263722,-0.6392898817609101 2.0820261690323147,-0.7633539811124999 2.0820261690323147,-0.7633539811124999 1.9386501877263722))	0
10	29	POLYGON((-0.6392898817609101 1.9386501877263722,-0.5152257824093199 1.9386501877263722,-0.5152257824093199 2.0820261690323147,-0.6392898817609101 2.0820261690323147,-0.6392898817609101 1.9386501877263722))	0
11	29	POLYGON((-0.5152257824093199 1.9386501877263722,-0.3911616830577298 1.9386501877263722,-0.3911616830577298 2.0820261690323147,-0.5152257824093199 2.0820261690323147,-0.5152257824093199 1.9386501877263722))	0
12	29	POLYGON((-0.3911616830577298 1.9386501877263722,-0.26709758370614 1.9386501877263722,-0.26709758370614 2.0820261690323147,-0.3911616830577298 2.0820261690323147,-0.3911616830577298 1.9386501877263722))	0
13	29	POLYGON((-0.26709758370614 1.9386501877263722,-0.14303348435454988 1.9386501877263722,-0.14303348435454988 2.0820261690323147,-0.26709758370614 2.0820261690323147,-0.26709758370614 1.9386501877263722))	0
14	29	POLYGON((-0.14303348435454988 1.9386501877263722,-0.01896938500295997 1.9386501877263722,-0.01896938500295997 2.0820261690323147,-0.14303348435454988 2.0820261690323147,-0.14303348435454988 1.9386501877263722))	0
15	29	POLYGON((-0.01896938500295997 1.9386501877263722,0.10509471434863005 1.9386501877263722,0.10509471434863005 2.0820261690323147,-0.01896938500295997 2.0820261690323147,-0.01896938500295997 1.9386501877263722))	0
16	29	POLYGON((0.10509471434863005 1.9386501877263722,0.22915881370021995 1.9386501877263722,0.22915881370021995 2.0820261690323147,0.10509471434863005 2.0820261690323147,0.10509471434863005 1.9386501877263722))	0
17	29	POLYGON((0.22915881370021995 1.9386501877263722,0.3532229130518101 1.9386501877263722,0.3532229130518101 2.0820261690323147,0.22915881370021995 2.0820261690323147,0.22915881370021995 1.9386501877263722))	0
18	29	POLYGON((0.3532229130518101 1.9386501877263722,0.4772870124034001 1.9386501877263722,0.4772870124034001 2.0820261690323147,0.3532229130518101 2.0820261690323147,0.3532229130518101 1.9386501877263722))	0
19	29	POLYGON((0.4772870124034001 1.9386501877263722,0.60135111175499 1.9386501877263722,0.60135111175499 2.0820261690323147,0.4772870124034001 2.0820261690323147,0.4772870124034001 1.9386501877263722))	0
20	29	POLYGON((0.60135111175499 1.9386501877263722,0.7254152111065801 1.9386501877263722,0.7254152111065801 2.0820261690323147,0.60135111175499 2.0820261690323147,0.60135111175499 1.9386501877263722))	0
21	29	POLYGON((0.7254152111065801 1.9386501877263722,0.8494793104581702 1.9386501877263722,0.8494793104581702 2.0820261690323147,0.7254152111065801 2.0820261690323147,0.7254152111065801 1.9386501877263722))	0
22	29	POLYGON((0.8494793104581702 1.9386501877263722,0.9735434098097601 1.9386501877263722,0.9735434098097601 2.0820261690323147,0.8494793104581702 2.0820261690323147,0.8494793104581702 1.9386501877263722))	0
23	29	POLYGON((0.9735434098097601 1.9386501877263722,1.0976075091613502 1.9386501877263722,1.0976075091613502 2.0820261690323147,0.9735434098097601 2.0820261690323147,0.9735434098097601 1.9386501877263722))	0
24	29	POLYGON((1.0976075091613502 1.9386501877263722,1.2216716085129402 1.9386501877263722,1.2216716085129402 2.0820261690323147,1.0976075091613502 2.0820261690323147,1.0976075091613502 1.9386501877263722))	0
25	29	POLYGON((1.2216716085129402 1.9386501877263722,1.34573570786453 1.9386501877263722,1.34573570786453 2.0820261690323147,1.2216716085129402 2.0820261690323147,1.2216716085129402 1.9386501877263722))	0
26	29	POLYGON((1.34573570786453 1.9386501877263722,1.46979980721612 1.9386501877263722,1.46979980721612 2.0820261690323147,1.34573570786453 2.0820261690323147,1.34573570786453 1.9386501877263722))	0
27	29	POLYGON((1.46979980721612 1.9386501877263722,1.59386390656771 1.9386501877263722,1.59386390656771 2.0820261690323147,1.46979980721612 2.0820261690323147,1.46979980721612 1.9386501877263722))	0
28	29	POLYGON((1.59386390656771 1.9386501877263722,1.7179280059193 1.9386501877263722,1.7179280059193 2.0820261690323147,1.59386390656771 2.0820261690323147,1.59386390656771 1.9386501877263722))	0
29	29	POLYGON((1.7179280059193 1.9386501877263722,1.84199210527089 1.9386501877263722,1.84199210527089 2.0820261690323147,1.7179280059193 2.0820261690323147,1.7179280059193 1.9386501877263722))	0
30	29	POLYGON((1.84199210527089 1.9386501877263722,1.9660562046224799 1.9386501877263722,1.9660562046224799 2.0820261690323147,1.84199210527089 2.0820261690323147,1.84199210527089 1.9386501877263722))	0
31	29	POLYGON((1.9660562046224799 1.9386501877263722,2.09012030397407 1.9386501877263722,2.09012030397407 2.0820261690323147,1.9660562046224799 2.0820261690323147,1.9660562046224799 1.9386501877263722))	0
0	30	POLYGON((-1.87993087527681 2.0820261690323147,-1.75586677592522 2.0820261690323147,-1.75586677592522 2.2254021503382573,-1.87993087527681 2.2254021503382573,-1.87993087527681 2.0820261690323147))	0
1	30	POLYGON((-1.75586677592522 2.0820261690323147,-1.63180267657363 2.0820261690323147,-1.63180267657363 2.2254021503382573,-1.75586677592522 2.2254021503382573,-1.75586677592522 2.0820261690323147))	0
2	30	POLYGON((-1.63180267657363 2.0820261690323147,-1.50773857722204 2.0820261690323147,-1.50773857722204 2.2254021503382573,-1.63180267657363 2.2254021503382573,-1.63180267657363 2.0820261690323147))	0
3	30	POLYGON((-1.50773857722204 2.0820261690323147,-1.3836744778704502 2.0820261690323147,-1.3836744778704502 2.2254021503382573,-1.50773857722204 2.2254021503382573,-1.50773857722204 2.0820261690323147))	0
4	30	POLYGON((-1.3836744778704502 2.0820261690323147,-1.2596103785188602 2.0820261690323147,-1.2596103785188602 2.2254021503382573,-1.3836744778704502 2.2254021503382573,-1.3836744778704502 2.0820261690323147))	0
5	30	POLYGON((-1.2596103785188602 2.0820261690323147,-1.13554627916727 2.0820261690323147,-1.13554627916727 2.2254021503382573,-1.2596103785188602 2.2254021503382573,-1.2596103785188602 2.0820261690323147))	0
6	30	POLYGON((-1.13554627916727 2.0820261690323147,-1.0114821798156801 2.0820261690323147,-1.0114821798156801 2.2254021503382573,-1.13554627916727 2.2254021503382573,-1.13554627916727 2.0820261690323147))	0
7	30	POLYGON((-1.0114821798156801 2.0820261690323147,-0.88741808046409 2.0820261690323147,-0.88741808046409 2.2254021503382573,-1.0114821798156801 2.2254021503382573,-1.0114821798156801 2.0820261690323147))	0
8	30	POLYGON((-0.88741808046409 2.0820261690323147,-0.7633539811124999 2.0820261690323147,-0.7633539811124999 2.2254021503382573,-0.88741808046409 2.2254021503382573,-0.88741808046409 2.0820261690323147))	0
9	30	POLYGON((-0.7633539811124999 2.0820261690323147,-0.6392898817609101 2.0820261690323147,-0.6392898817609101 2.2254021503382573,-0.7633539811124999 2.2254021503382573,-0.7633539811124999 2.0820261690323147))	0
10	30	POLYGON((-0.6392898817609101 2.0820261690323147,-0.5152257824093199 2.0820261690323147,-0.5152257824093199 2.2254021503382573,-0.6392898817609101 2.2254021503382573,-0.6392898817609101 2.0820261690323147))	0
11	30	POLYGON((-0.5152257824093199 2.0820261690323147,-0.3911616830577298 2.0820261690323147,-0.3911616830577298 2.2254021503382573,-0.5152257824093199 2.2254021503382573,-0.5152257824093199 2.0820261690323147))	0
12	30	POLYGON((-0.3911616830577298 2.0820261690323147,-0.26709758370614 2.0820261690323147,-0.26709758370614 2.2254021503382573,-0.3911616830577298 2.2254021503382573,-0.3911616830577298 2.0820261690323147))	0
13	30	POLYGON((-0.26709758370614 2.0820261690323147,-0.14303348435454988 2.0820261690323147,-0.14303348435454988 2.2254021503382573,-0.26709758370614 2.2254021503382573,-0.26709758370614 2.0820261690323147))	0
14	30	POLYGON((-0.14303348435454988 2.0820261690323147,-0.01896938500295997 2.0820261690323147,-0.01896938500295997 2.2254021503382573,-0.14303348435454988 2.2254021503382573,-0.14303348435454988 2.0820261690323147))	0
15	30	POLYGON((-0.01896938500295997 2.0820261690323147,0.10509471434863005 2.0820261690323147,0.10509471434863005 2.2254021503382573,-0.01896938500295997 2.2254021503382573,-0.01896938500295997 2.0820261690323147))	0
16	30	POLYGON((0.10509471434863005 2.0820261690323147,0.22915881370021995 2.0820261690323147,0.22915881370021995 2.2254021503382573,0.10509471434863005 2.2254021503382573,0.10509471434863005 2.0820261690323147))	0
17	30	POLYGON((0.22915881370021995 2.0820261690323147,0.3532229130518101 2.0820261690323147,0.3532229130518101 2.2254021503382573,0.22915881370021995 2.2254021503382573,0.22915881370021995 2.0820261690323147))	0
18	30	POLYGON((0.3532229130518101 2.0820261690323147,0.4772870124034001 2.0820261690323147,0.4772870124034001 2.2254021503382573,0.3532229130518101 2.2254021503382573,0.3532229130518101 2.0820261690323147))	0
19	30	POLYGON((0.4772870124034001 2.0820261690323147,0.60135111175499 2.0820261690323147,0.60135111175499 2.2254021503382573,0.4772870124034001 2.2254021503382573,0.4772870124034001 2.0820261690323147))	0
20	30	POLYGON((0.60135111175499 2.0820261690323147,0.7254152111065801 2.0820261690323147,0.7254152111065801 2.2254021503382573,0.60135111175499 2.2254021503382573,0.60135111175499 2.0820261690323147))	0
21	30	POLYGON((0.7254152111065801 2.0820261690323147,0.8494793104581702 2.0820261690323147,0.8494793104581702 2.2254021503382573,0.7254152111065801 2.2254021503382573,0.7254152111065801 2.0820261690323147))	0
22	30	POLYGON((0.8494793104581702 2.0820261690323147,0.9735434098097601 2.0820261690323147,0.9735434098097601 2.2254021503382573,0.8494793104581702 2.2254021503382573,0.8494793104581702 2.0820261690323147))	0
23	30	POLYGON((0.9735434098097601 2.0820261690323147,1.0976075091613502 2.0820261690323147,1.0976075091613502 2.2254021503382573,0.9735434098097601 2.2254021503382573,0.9735434098097601 2.0820261690323147))	0
24	30	POLYGON((1.0976075091613502 2.0820261690323147,1.2216716085129402 2.0820261690323147,1.2216716085129402 2.2254021503382573,1.0976075091613502 2.2254021503382573,1.0976075091613502 2.0820261690323147))	0
25	30	POLYGON((1.2216716085129402 2.0820261690323147,1.34573570786453 2.0820261690323147,1.34573570786453 2.2254021503382573,1.2216716085129402 2.2254021503382573,1.2216716085129402 2.0820261690323147))	0
26	30	POLYGON((1.34573570786453 2.0820261690323147,1.46979980721612 2.0820261690323147,1.46979980721612 2.2254021503382573,1.34573570786453 2.2254021503382573,1.34573570786453 2.0820261690323147))	0
27	30	POLYGON((1.46979980721612 2.0820261690323147,1.59386390656771 2.0820261690323147,1.59386390656771 2.2254021503382573,1.46979980721612 2.2254021503382573,1.46979980721612 2.0820261690323147))	0
28	30	POLYGON((1.59386390656771 2.0820261690323147,1.7179280059193 2.0820261690323147,1.7179280059193 2.2254021503382573,1.59386390656771 2.2254021503382573,1.59386390656771 2.0820261690323147))	0
29	30	POLYGON((1.7179280059193 2.0820261690323147,1.84199210527089 2.0820261690323147,1.84199210527089 2.2254021503382573,1.7179280059193 2.2254021503382573,1.7179280059193 2.0820261690323147))	0
30	30	POLYGON((1.84199210527089 2.0820261690323147,1.9660562046224799 2.0820261690323147,1.9660562046224799 2.2254021503382573,1.84199210527089 2.2254021503382573,1.84199210527089 2.0820261690323147))	0
31	30	POLYGON((1.9660562046224799 2.0820261690323147,2.09012030397407 2.0820261690323147,2.09012030397407 2.2254021503382573,1.9660562046224799 2.2254021503382573,1.9660562046224799 2.0820261690323147))	0
0	31	POLYGON((-1.87993087527681 2.2254021503382573,-1.75586677592522 2.2254021503382573,-1.75586677592522 2.3687781316442,-1.87993087527681 2.3687781316442,-1.87993087527681 2.2254021503382573))	0
1	31	POLYGON((-1.75586677592522 2.2254021503382573,-1.63180267657363 2.2254021503382573,-1.63180267657363 2.3687781316442,-1.75586677592522 2.3687781316442,-1.75586677592522 2.2254021503382573))	0
2	31	POLYGON((-1.63180267657363 2.2254021503382573,-1.50773857722204 2.2254021503382573,-1.50773857722204 2.3687781316442,-1.63180267657363 2.3687781316442,-1.63180267657363 2.2254021503382573))	0
3	31	POLYGON((-1.50773857722204 2.2254021503382573,-1.3836744778704502 2.2254021503382573,-1.3836744778704502 2.3687781316442,-1.50773857722204 2.3687781316442,-1.50773857722204 2.2254021503382573))	0
4	31	POLYGON((-1.3836744778704502 2.2254021503382573,-1.2596103785188602 2.2254021503382573,-1.2596103785188602 2.3687781316442,-1.3836744778704502 2.3687781316442,-1.3836744778704502 2.2254021503382573))	0
5	31	POLYGON((-1.2596103785188602 2.2254021503382573,-1.13554627916727 2.2254021503382573,-1.13554627916727 2.3687781316442,-1.2596103785188602 2.3687781316442,-1.2596103785188602 2.2254021503382573))	0
6	31	POLYGON((-1.13554627916727 2.2254021503382573,-1.0114821798156801 2.2254021503382573,-1.0114821798156801 2.3687781316442,-1.13554627916727 2.3687781316442,-1.13554627916727 2.2254021503382573))	0
7	31	POLYGON((-1.0114821798156801 2.2254021503382573,-0.88741808046409 2.2254021503382573,-0.88741808046409 2.3687781316442,-1.0114821798156801 2.3687781316442,-1.0114821798156801 2.2254021503382573))	0
8	31	POLYGON((-0.88741808046409 2.2254021503382573,-0.7633539811124999 2.2254021503382573,-0.7633539811124999 2.3687781316442,-0.88741808046409 2.3687781316442,-0.88741808046409 2.2254021503382573))	0
9	31	POLYGON((-0.7633539811124999 2.2254021503382573,-0.6392898817609101 2.2254021503382573,-0.6392898817609101 2.3687781316442,-0.7633539811124999 2.3687781316442,-0.7633539811124999 2.2254021503382573))	0
10	31	POLYGON((-0.6392898817609101 2.2254021503382573,-0.5152257824093199 2.2254021503382573,-0.5152257824093199 2.3687781316442,-0.6392898817609101 2.3687781316442,-0.6392898817609101 2.2254021503382573))	0
11	31	POLYGON((-0.5152257824093199 2.2254021503382573,-0.3911616830577298 2.2254021503382573,-0.3911616830577298 2.3687781316442,-0.5152257824093199 2.3687781316442,-0.5152257824093199 2.2254021503382573))	0
12	31	POLYGON((-0.3911616830577298 2.2254021503382573,-0.26709758370614 2.2254021503382573,-0.26709758370614 2.3687781316442,-0.3911616830577298 2.3687781316442,-0.3911616830577298 2.2254021503382573))	0
13	31	POLYGON((-0.26709758370614 2.2254021503382573,-0.14303348435454988 2.2254021503382573,-0.14303348435454988 2.3687781316442,-0.26709758370614 2.3687781316442,-0.26709758370614 2.2254021503382573))	0
14	31	POLYGON((-0.14303348435454988 2.2254021503382573,-0.01896938500295997 2.2254021503382573,-0.01896938500295997 2.3687781316442,-0.14303348435454988 2.3687781316442,-0.14303348435454988 2.2254021503382573))	0
15	31	POLYGON((-0.01896938500295997 2.2254021503382573,0.10509471434863005 2.2254021503382573,0.10509471434863005 2.3687781316442,-0.01896938500295997 2.3687781316442,-0.01896938500295997 2.2254021503382573))	0
16	31	POLYGON((0.10509471434863005 2.2254021503382573,0.22915881370021995 2.2254021503382573,0.22915881370021995 2.3687781316442,0.10509471434863005 2.3687781316442,0.10509471434863005 2.2254021503382573))	0
17	31	POLYGON((0.22915881370021995 2.2254021503382573,0.3532229130518101 2.2254021503382573,0.3532229130518101 2.3687781316442,0.22915881370021995 2.3687781316442,0.22915881370021995 2.2254021503382573))	0
18	31	POLYGON((0.3532229130518101 2.2254021503382573,0.4772870124034001 2.2254021503382573,0.4772870124034001 2.3687781316442,0.3532229130518101 2.3687781316442,0.3532229130518101 2.2254021503382573))	0
19	31	POLYGON((0.4772870124034001 2.2254021503382573,0.60135111175499 2.2254021503382573,0.60135111175499 2.3687781316442,0.4772870124034001 2.3687781316442,0.4772870124034001 2.2254021503382573))	0
20	31	POLYGON((0.60135111175499 2.2254021503382573,0.7254152111065801 2.2254021503382573,0.7254152111065801 2.3687781316442,0.60135111175499 2.3687781316442,0.60135111175499 2.2254021503382573))	0
21	31	POLYGON((0.7254152111065801 2.2254021503382573,0.8494793104581702 2.2254021503382573,0.8494793104581702 2.3687781316442,0.7254152111065801 2.3687781316442,0.7254152111065801 2.2254021503382573))	0
22	31	POLYGON((0.8494793104581702 2.2254021503382573,0.9735434098097601 2.2254021503382573,0.9735434098097601 2.3687781316442,0.8494793104581702 2.3687781316442,0.8494793104581702 2.2254021503382573))	0
23	31	POLYGON((0.9735434098097601 2.2254021503382573,1.0976075091613502 2.2254021503382573,1.0976075091613502 2.3687781316442,0.9735434098097601 2.3687781316442,0.9735434098097601 2.2254021503382573))	0
24	31	POLYGON((1.0976075091613502 2.2254021503382573,1.2216716085129402 2.2254021503382573,1.2216716085129402 2.3687781316442,1.0976075091613502 2.3687781316442,1.0976075091613502 2.2254021503382573))	0
25	31	POLYGON((1.2216716085129402 2.2254021503382573,1.34573570786453 2.2254021503382573,1.34573570786453 2.3687781316442,1.2216716085129402 2.3687781316442,1.2216716085129402 2.2254021503382573))	0
26	31	POLYGON((1.34573570786453 2.2254021503382573,1.46979980721612 2.2254021503382573,1.46979980721612 2.3687781316442,1.34573570786453 2.3687781316442,1.34573570786453 2.2254021503382573))	0
27	31	POLYGON((1.46979980721612 2.2254021503382573,1.59386390656771 2.2254021503382573,1.59386390656771 2.3687781316442,1.46979980721612 2.3687781316442,1.46979980721612 2.2254021503382573))	0
28	31	POLYGON((1.59386390656771 2.2254021503382573,1.7179280059193 2.2254021503382573,1.7179280059193 2.3687781316442,1.59386390656771 2.3687781316442,1.59386390656771 2.2254021503382573))	0
29	31	POLYGON((1.7179280059193 2.2254021503382573,1.84199210527089 2.2254021503382573,1.84199210527089 2.3687781316442,1.7179280059193 2.3687781316442,1.7179280059193 2.2254021503382573))	0
30	31	POLYGON((1.84199210527089 2.2254021503382573,1.9660562046224799 2.2254021503382573,1.9660562046224799 2.3687781316442,1.84199210527089 2.3687781316442,1.84199210527089 2.2254021503382573))	0
31	31	POLYGON((1.9660562046224799 2.2254021503382573,2.09012030397407 2.2254021503382573,2.09012030397407 2.3687781316442,1.9660562046224799 2.3687781316442,1.9660562046224799 2.2254021503382573))	0
